    crate  slot  femch  nsamples_p50  pulse50rms  nsamples_p100  pulse100rms  nsamples_pulse    pulserms    eventrms  nsamples_evt  channelrms  nsamples_ch
29      1    18     48            50   71.731952            100    72.728194             300   72.809911   72.920773          1500   72.946060       150000
17      1    18     49            50   72.306173            100    72.323548             300   72.697647   72.804917          1500   72.830409       150000
32      1    18     50            50   70.075229            100    69.666376             300   69.877931   69.983131          1500   70.006628       150000
8       1    18     51            50   70.466949            100    71.534176             300   71.421703   71.532136          1500   71.563007       150000
35      1    18     52            50   66.305444            100    66.628351             300   66.850023   66.948076          1500   66.977585       150000
10      1    18     53            50   66.216423            100    66.891408             300   67.081481   67.183035          1500   67.206016       150000
38      1    18     54            50   65.477883            100    66.631186             300   66.705388   66.801099          1500   66.825859       150000
70      1    18     55            50   67.621608            100    67.375057             300   67.828345   67.930665          1500   67.954263       150000
19      1    18     56            50   64.303817            100    65.640941             300   65.915991   66.013259          1500   66.037771       150000
80      1    18     57            50   64.666425            100    65.599490             300   65.658178   65.746259          1500   65.773715       150000
23      1    18     58            50   65.210790            100    65.802767             300   65.945229   66.044720          1500   66.068564       150000
84      1    18     59            50   66.310724            100    66.559484             300   67.100140   67.203705          1500   67.225322       150000
25      1    18     60            50   67.728403            100    67.949852             300   68.500099   68.592810          1500   68.617788       150000
0       1    18     61            50   68.661512            100    69.263544             300   69.561847   69.662070          1500   69.680453       150000
27      1    18     62            50   71.661453            100    71.687614             300   72.199657   72.311698          1500   72.340443       150000
52      6     9      0            50   82.201534            100    82.379376             300   82.683971   82.843760          1500   82.876496       150000
48      6     9      2            50   84.421734            100    85.945473             300   85.996615   86.168858          1500   86.203015       150000
59      6     9      4            50   84.240937            100    85.005815             300   85.580356   85.740436          1500   85.784580       150000
55      6     9      6            50   83.122722            100    84.471233             300   84.627972   84.800096          1500   84.837831       150000
67      6     9      8            50    3.997855            100     4.022244             300    4.032039    4.040381          1500    4.042713       150000
63      6     9     10            50   84.293065            100    85.806257             300   85.816075   85.975407          1500   86.017947       150000
76      6     9     12            50   84.726340            100    85.462116             300   85.651628   85.812605          1500   85.845626       150000
72      6     9     14            50   85.096556            100    85.888896             300   85.994344   86.151766          1500   86.191868       150000
40      6     9     24            50   83.392560            100    83.790976             300   84.293694   84.444238          1500   84.492401       150000
74      6    10     22            50   83.710603            100    84.504312             300   84.895300   85.073475          1500   85.112055       150000
15      6    10     24            50   82.742619            100    83.882115             300   84.014488   84.163799          1500   84.203687       150000
65      6    10     26            50   82.026904            100    82.860142             300   83.181570   83.350253          1500   83.385380       150000
61      6    10     28            50   81.594432            100    83.372747             300   83.781134   83.937155          1500   83.978327       150000
57      6    10     30            50   83.547191            100    83.221886             300   84.106408   84.279371          1500   84.326088       150000
16      6    11     14            50    3.865788            100     3.942325             300    3.952988    3.960847          1500    3.963045       150000
69      6    11     16            50   80.264794            100    81.047644             300   81.777789   81.933206          1500   81.970615       150000
73      6    11     18            50    3.914537            100     3.929058             300    3.958025    3.966669          1500    3.968824       150000
78      6    11     20            50    3.945147            100     3.988142             300    3.998957    4.007202          1500    4.009308       150000
81      6    11     22            50    6.667311            100     6.904751             300    7.093162    8.217571          1500   10.553533       150000
85      6    11     24            50   80.856276            100    83.172358             300   82.968713   83.137756          1500   83.178266       150000
1       6    11     26            50   82.191230            100    82.883870             300   83.202041   83.368604          1500   83.406278       150000
3       6    11     28            50   83.396885            100    83.423681             300   83.681830   83.856015          1500   83.894622       150000
6       6    11     30            50   82.975725            100    84.508846             300   84.770267   84.947383          1500   84.983465       150000
49      6    12      0            50   78.689473            100    80.223007             300   80.136344   80.298862          1500   80.336095       150000
53      6    12      2            50   81.458940            100    82.174530             300   82.836638   82.991646          1500   83.031460       150000
43      6    12      4            50   81.986954            100    82.923607             300   83.295240   83.461003          1500   83.500143       150000
45      6    12      6            50   81.832679            100    83.051136             300   83.236218   83.405879          1500   83.447470       150000
64      6    12      8            50    3.966486            100     4.020707             300    4.012062    4.020973          1500    4.023499       150000
68      6    12     10            50   81.099951            100    82.831297             300   82.409356   82.566916          1500   82.600333       150000
56      6    12     12            50    3.951950            100     4.006017             300    4.042550    4.050884          1500    4.053003       150000
60      6    12     14            50   82.535073            100    83.542300             300   84.188528   84.350100          1500   84.387057       150000
26      6    12     16            50   81.160627            100    82.561075             300   82.627013   82.800352          1500   82.835119       150000
28      6    12     18            50   82.428745            100    82.758047             300   83.132919   83.297609          1500   83.333623       150000
20      6    12     20            50   82.536353            100    83.143295             300   83.439397   83.617813          1500   83.651293       150000
24      6    12     22            50   84.333332            100    84.120447             300   84.815208   84.985143          1500   85.025814       150000
37      6    12     24            50   81.979174            100    82.239201             300   82.597726   82.761018          1500   82.803063       150000
41      6    12     26            50   83.063846            100    83.648821             300   83.678114   83.840793          1500   83.884997       150000
31      6    12     28            50   82.976754            100    84.162189             300   84.569035   84.739851          1500   84.786917       150000
34      6    12     30            50   83.286177            100    83.627773             300   83.670811   83.830137          1500   83.877668       150000
33      7     4      0            50   78.589057            100    82.547897             300   81.881414   82.288431          1500   82.382322       150000
36      7     4      2            50   81.376212            100    85.269211             300   84.396948   84.815311          1500   84.911590       150000
39      7     4      4            50   79.264665            100    84.599987             300   83.690078   84.112275          1500   84.213120       150000
42      7     4      6            50   81.511520            100    85.837838             300   85.245658   85.660482          1500   85.762918       150000
14      7     5      0            50   78.645212            100    82.321645             300   81.919075   82.327501          1500   82.422067       150000
13      7     5      4            50    3.337373            100     3.409551             300    3.418988    3.427054          1500    3.428627       150000
12      7     5     24            50   77.800660            100    83.730708             300   82.521466   82.937196          1500   83.033385       150000
46      7     5     26            50   79.341325            100    83.430018             300   82.610826   83.007389          1500   83.099839       150000
30      7     5     28            50   78.666464            100    83.896185             300   82.973465   83.383090          1500   83.484231       150000
5       7     5     30            50   78.933563            100    83.973230             300   83.062728   83.471897          1500   83.569223       150000
77      7    10      0            50    3.437808            100     3.468225             300    3.483307    3.490799          1500    3.492532       150000
50      7    10     30            50   83.476431            100    85.307236             300   86.376682   86.883967          1500   87.043756       150000
22      7    11     30            50   71.474731            100    74.281563             300   74.620799   74.993821          1500   75.078090       150000
21      8    17     47            50   38.060612            100   175.380381             300  106.259868  106.282286          1500  106.290348       150000
83      8    17     48            50   39.854254            100    49.487792             300   43.368999   43.424269          1500   43.439350       150000
11      9    14     47            50   73.999886            100    76.760976             300   77.016559   77.378713          1500   77.461340       150000
47      9    16      0            50   78.357925            100    79.198907             300   79.431151   79.546804          1500   79.579184       150000
44      9    16      2            50   72.991784            100    74.217251             300   74.347878   74.456492          1500   74.482431       150000
54      9    16      4            50   74.426358            100    74.304231             300   74.431851   74.529391          1500   74.550643       150000
51      9    16      6            50   72.627482            100    72.489788             300   72.837653   72.935518          1500   72.955441       150000
62      9    16      8            50   70.996565            100    70.853446             300   71.246721   71.350281          1500   71.375000       150000
58      9    16     10            50   71.120654            100    70.694390             300   71.454276   71.553991          1500   71.578143       150000
71      9    16     12            50   71.153674            100    71.712314             300   72.074960   72.177056          1500   72.199844       150000
66      9    16     14            50   72.155938            100    72.819344             300   73.092824   73.185216          1500   73.211215       150000
79      9    16     16            50   68.758599            100    68.698710             300   68.896989   68.988527          1500   69.011707       150000
75      9    16     18            50   69.459540            100    70.565904             300   70.421890   70.526578          1500   70.556196       150000
18      9    16     19            50   70.744196            100    83.372627             300   91.974085  119.319047          1500  126.081649       150000
86      9    16     20            50   71.209988            100    71.757703             300   71.921912   72.010389          1500   72.038989       150000
82      9    16     22            50   70.897024            100    71.460674             300   71.553007   71.650898          1500   71.673888       150000
4       9    16     24            50   70.665073            100    69.931478             300   70.470074   70.550484          1500   70.573395       150000
2       9    16     26            50   71.765637            100    71.469743             300   71.895855   71.997014          1500   72.023758       150000
9       9    16     28            50   72.338941            100    72.801866             300   73.148469   73.248121          1500   73.276774       150000
7       9    16     30            50   73.831479            100    74.685479             300   74.511488   74.611842          1500   74.632704       150000

