1 8 27
1 9 27
1 9 43
1 10 27
1 10 43
1 11 27
1 11 43
1 12 27
1 12 43
1 13 11
1 13 59
1 14 11
1 14 59
1 15 11
1 15 59
1 16 11
1 16 59
1 17 59
2 4 11
2 4 43
2 5 11
2 5 43
2 6 11
2 6 43
2 7 11
2 7 43
2 8 11
2 8 43
2 9 11
2 9 43
2 10 11
2 10 43
2 11 11
2 11 43
2 12 11
2 12 43
2 13 11
2 13 43
2 14 11
2 14 43
2 15 11
2 15 43
2 16 11
2 16 43
2 17 11
2 17 43
2 18 11
2 18 43
3 4 11
3 4 43
3 5 11
3 5 43
3 6 11
3 6 43
3 7 11
3 7 43
3 8 11
3 8 43
3 9 11
3 9 43
3 10 11
3 10 43
3 11 11
3 11 43
3 12 11
3 12 43
3 13 11
3 13 43
3 14 11
3 14 43
3 15 11
3 15 43
3 16 11
3 16 43
3 17 11
3 17 43
3 18 11
3 18 43
4 4 11
4 4 43
4 5 11
4 5 43
4 6 11
4 6 43
4 7 11
4 7 43
4 8 11
4 8 43
4 9 11
4 9 43
4 10 11
4 10 43
4 11 11
4 11 43
4 12 11
4 12 43
4 13 11
4 13 43
4 14 11
4 14 43
4 15 11
4 15 43
4 16 11
4 16 43
4 17 11
4 17 43
4 18 11
4 18 43
5 4 11
5 4 43
5 5 11
5 5 43
5 6 11
5 6 43
5 7 11
5 7 43
5 8 11
5 8 43
5 9 11
5 9 43
5 10 11
5 10 43
5 11 11
5 11 43
5 12 11
5 12 43
5 13 11
5 13 43
5 14 11
5 14 43
5 15 11
5 15 43
5 16 11
5 16 43
5 17 11
5 17 43
5 18 11
5 18 43
6 4 11
6 4 43
6 5 11
6 5 43
6 6 11
6 6 43
6 7 11
6 7 43
6 8 11
6 8 43
6 9 11
6 9 43
6 10 11
6 10 43
6 11 11
6 11 43
6 12 11
6 12 43
6 13 11
6 13 43
6 14 11
6 14 43
6 15 11
6 15 43
6 16 11
6 16 43
6 17 11
6 17 43
6 18 11
6 18 43
7 4 11
7 4 43
7 5 11
7 5 43
7 6 11
7 6 43
7 7 11
7 7 43
7 8 11
7 8 43
7 9 11
7 9 43
7 10 11
7 10 43
7 11 11
7 11 43
7 12 11
7 12 43
7 13 11
7 13 43
7 14 11
7 14 43
7 15 11
7 15 43
7 16 11
7 16 43
7 17 11
7 17 43
7 18 11
7 18 43
8 4 11
8 4 43
8 5 11
8 5 43
8 6 11
8 6 43
8 7 11
8 7 43
8 8 11
8 8 43
8 9 11
8 9 43
8 10 11
8 10 43
8 11 11
8 11 43
8 12 11
8 12 43
8 13 11
8 13 43
8 14 11
8 14 43
8 15 11
8 15 43
8 16 11
8 16 43
8 17 11
8 17 43
8 18 11
8 18 43
9 7 11
9 7 59
9 8 11
9 8 59
9 9 11
9 9 59
9 10 11
9 10 59
9 11 11
9 11 59
9 12 11
9 12 59
9 13 11
9 13 59
9 14 11
9 14 59
9 15 11
9 15 59
9 16 11
9 16 43
9 17 11
9 17 43
9 18 11
9 18 43
