1 8 20
1 9 20
1 9 36
1 10 20
1 10 36
1 11 20
1 11 36
1 12 20
1 12 36
1 13 4
1 13 52
1 14 4
1 14 52
1 15 4
1 15 52
1 16 4
1 16 52
1 17 52
2 4 4
2 4 36
2 5 4
2 5 36
2 6 4
2 6 36
2 7 4
2 7 36
2 8 4
2 8 36
2 9 4
2 9 36
2 10 4
2 10 36
2 11 4
2 11 36
2 12 4
2 12 36
2 13 4
2 13 36
2 14 4
2 14 36
2 15 4
2 15 36
2 16 4
2 16 36
2 17 4
2 17 36
2 18 4
2 18 36
3 4 4
3 4 36
3 5 4
3 5 36
3 6 4
3 6 36
3 7 4
3 7 36
3 8 4
3 8 36
3 9 4
3 9 36
3 10 4
3 10 36
3 11 4
3 11 36
3 12 4
3 12 36
3 13 4
3 13 36
3 14 4
3 14 36
3 15 4
3 15 36
3 16 4
3 16 36
3 17 4
3 17 36
3 18 4
3 18 36
4 4 4
4 4 36
4 5 4
4 5 36
4 6 4
4 6 36
4 7 4
4 7 36
4 8 4
4 8 36
4 9 4
4 9 36
4 10 4
4 10 36
4 11 4
4 11 36
4 12 4
4 12 36
4 13 4
4 13 36
4 14 4
4 14 36
4 15 4
4 15 36
4 16 4
4 16 36
4 17 4
4 17 36
4 18 4
4 18 36
5 4 4
5 4 36
5 5 4
5 5 36
5 6 4
5 6 36
5 7 4
5 7 36
5 8 4
5 8 36
5 9 4
5 9 36
5 10 4
5 10 36
5 11 4
5 11 36
5 12 4
5 12 36
5 13 4
5 13 36
5 14 4
5 14 36
5 15 4
5 15 36
5 16 4
5 16 36
5 17 4
5 17 36
5 18 4
5 18 36
6 4 4
6 4 36
6 5 4
6 5 36
6 6 4
6 6 36
6 7 4
6 7 36
6 8 4
6 8 36
6 9 4
6 9 36
6 10 4
6 10 36
6 11 4
6 11 36
6 12 4
6 12 36
6 13 4
6 13 36
6 14 4
6 14 36
6 15 4
6 15 36
6 16 4
6 16 36
6 17 4
6 17 36
6 18 4
6 18 36
7 4 4
7 4 36
7 5 4
7 5 36
7 6 4
7 6 36
7 7 4
7 7 36
7 8 4
7 8 36
7 9 4
7 9 36
7 10 4
7 10 36
7 11 4
7 11 36
7 12 4
7 12 36
7 13 4
7 13 36
7 14 4
7 14 36
7 15 4
7 15 36
7 16 4
7 16 36
7 17 4
7 17 36
7 18 4
7 18 36
8 4 4
8 4 36
8 5 4
8 5 36
8 6 4
8 6 36
8 7 4
8 7 36
8 8 4
8 8 36
8 9 4
8 9 36
8 10 4
8 10 36
8 11 4
8 11 36
8 12 4
8 12 36
8 13 4
8 13 36
8 14 4
8 14 36
8 15 4
8 15 36
8 16 4
8 16 36
8 17 4
8 17 36
8 18 4
8 18 36
9 7 4
9 7 52
9 8 4
9 8 52
9 9 4
9 9 52
9 10 4
9 10 52
9 11 4
9 11 52
9 12 4
9 12 52
9 13 4
9 13 52
9 14 4
9 14 52
9 15 4
9 15 52
9 16 4
9 16 36
9 17 4
9 17 36
9 18 4
9 18 36
