1 8 19
1 9 19
1 9 35
1 10 19
1 10 35
1 11 19
1 11 35
1 12 19
1 12 35
1 13 3
1 13 51
1 14 3
1 14 51
1 15 3
1 15 51
1 16 3
1 16 51
1 17 51
2 4 3
2 4 35
2 5 3
2 5 35
2 6 3
2 6 35
2 7 3
2 7 35
2 8 3
2 8 35
2 9 3
2 9 35
2 10 3
2 10 35
2 11 3
2 11 35
2 12 3
2 12 35
2 13 3
2 13 35
2 14 3
2 14 35
2 15 3
2 15 35
2 16 3
2 16 35
2 17 3
2 17 35
2 18 3
2 18 35
3 4 3
3 4 35
3 5 3
3 5 35
3 6 3
3 6 35
3 7 3
3 7 35
3 8 3
3 8 35
3 9 3
3 9 35
3 10 3
3 10 35
3 11 3
3 11 35
3 12 3
3 12 35
3 13 3
3 13 35
3 14 3
3 14 35
3 15 3
3 15 35
3 16 3
3 16 35
3 17 3
3 17 35
3 18 3
3 18 35
4 4 3
4 4 35
4 5 3
4 5 35
4 6 3
4 6 35
4 7 3
4 7 35
4 8 3
4 8 35
4 9 3
4 9 35
4 10 3
4 10 35
4 11 3
4 11 35
4 12 3
4 12 35
4 13 3
4 13 35
4 14 3
4 14 35
4 15 3
4 15 35
4 16 3
4 16 35
4 17 3
4 17 35
4 18 3
4 18 35
5 4 3
5 4 35
5 5 3
5 5 35
5 6 3
5 6 35
5 7 3
5 7 35
5 8 3
5 8 35
5 9 3
5 9 35
5 10 3
5 10 35
5 11 3
5 11 35
5 12 3
5 12 35
5 13 3
5 13 35
5 14 3
5 14 35
5 15 3
5 15 35
5 16 3
5 16 35
5 17 3
5 17 35
5 18 3
5 18 35
6 4 3
6 4 35
6 5 3
6 5 35
6 6 3
6 6 35
6 7 3
6 7 35
6 8 3
6 8 35
6 9 3
6 9 35
6 10 3
6 10 35
6 11 3
6 11 35
6 12 3
6 12 35
6 13 3
6 13 35
6 14 3
6 14 35
6 15 3
6 15 35
6 16 3
6 16 35
6 17 3
6 17 35
6 18 3
6 18 35
7 4 3
7 4 35
7 5 3
7 5 35
7 6 3
7 6 35
7 7 3
7 7 35
7 8 3
7 8 35
7 9 3
7 9 35
7 10 3
7 10 35
7 11 3
7 11 35
7 12 3
7 12 35
7 13 3
7 13 35
7 14 3
7 14 35
7 15 3
7 15 35
7 16 3
7 16 35
7 17 3
7 17 35
7 18 3
7 18 35
8 4 3
8 4 35
8 5 3
8 5 35
8 6 3
8 6 35
8 7 3
8 7 35
8 8 3
8 8 35
8 9 3
8 9 35
8 10 3
8 10 35
8 11 3
8 11 35
8 12 3
8 12 35
8 13 3
8 13 35
8 14 3
8 14 35
8 15 3
8 15 35
8 16 3
8 16 35
8 17 3
8 17 35
8 18 3
8 18 35
9 7 3
9 7 51
9 8 3
9 8 51
9 9 3
9 9 51
9 10 3
9 10 51
9 11 3
9 11 51
9 12 3
9 12 51
9 13 3
9 13 51
9 14 3
9 14 51
9 15 3
9 15 51
9 16 3
9 16 35
9 17 3
9 17 35
9 18 3
9 18 35
