1 8 26
1 9 26
1 9 42
1 10 26
1 10 42
1 11 26
1 11 42
1 12 26
1 12 42
1 13 10
1 13 58
1 14 10
1 14 58
1 15 10
1 15 58
1 16 10
1 16 58
1 17 58
2 4 10
2 4 42
2 5 10
2 5 42
2 6 10
2 6 42
2 7 10
2 7 42
2 8 10
2 8 42
2 9 10
2 9 42
2 10 10
2 10 42
2 11 10
2 11 42
2 12 10
2 12 42
2 13 10
2 13 42
2 14 10
2 14 42
2 15 10
2 15 42
2 16 10
2 16 42
2 17 10
2 17 42
2 18 10
2 18 42
3 4 10
3 4 42
3 5 10
3 5 42
3 6 10
3 6 42
3 7 10
3 7 42
3 8 10
3 8 42
3 9 10
3 9 42
3 10 10
3 10 42
3 11 10
3 11 42
3 12 10
3 12 42
3 13 10
3 13 42
3 14 10
3 14 42
3 15 10
3 15 42
3 16 10
3 16 42
3 17 10
3 17 42
3 18 10
3 18 42
4 4 9
4 4 41
4 5 9
4 5 41
4 6 9
4 6 41
4 7 9
4 7 41
4 8 9
4 8 41
4 9 9
4 9 41
4 10 9
4 10 41
4 11 9
4 11 41
4 12 9
4 12 41
4 13 10
4 13 42
4 14 10
4 14 42
4 15 10
4 15 42
4 16 10
4 16 42
4 17 10
4 17 42
4 18 10
4 18 42
5 4 8
5 4 40
5 5 8
5 5 40
5 6 8
5 6 40
5 7 8
5 7 40
5 8 8
5 8 40
5 9 8
5 9 40
5 10 9
5 10 41
5 11 9
5 11 41
5 12 9
5 12 41
5 13 9
5 13 41
5 14 9
5 14 41
5 15 9
5 15 41
5 16 9
5 16 41
5 17 9
5 17 41
5 18 9
5 18 41
6 4 10
6 4 42
6 5 10
6 5 42
6 6 10
6 6 42
6 7 10
6 7 42
6 8 10
6 8 42
6 9 10
6 9 42
6 10 10
6 10 42
6 11 10
6 11 42
6 12 10
6 12 42
6 13 10
6 13 42
6 14 10
6 14 42
6 15 10
6 15 42
6 16 10
6 16 42
6 17 10
6 17 42
6 18 10
6 18 42
7 4 10
7 4 42
7 5 10
7 5 42
7 6 10
7 6 42
7 7 10
7 7 42
7 8 10
7 8 42
7 9 10
7 9 42
7 10 10
7 10 42
7 11 10
7 11 42
7 12 10
7 12 42
7 13 10
7 13 42
7 14 10
7 14 42
7 15 10
7 15 42
7 16 10
7 16 42
7 17 10
7 17 42
7 18 10
7 18 42
8 4 9
8 4 41
8 5 9
8 5 41
8 6 9
8 6 41
8 7 10
8 7 42
8 8 10
8 8 42
8 9 10
8 9 42
8 10 10
8 10 42
8 11 10
8 11 42
8 12 10
8 12 42
8 13 10
8 13 42
8 14 10
8 14 42
8 15 10
8 15 42
8 16 10
8 16 42
8 17 10
8 17 42
8 18 10
8 18 42
9 7 10
9 7 58
9 8 10
9 8 58
9 9 10
9 9 58
9 10 10
9 10 58
9 11 10
9 11 58
9 12 10
9 12 58
9 13 10
9 13 58
9 14 10
9 14 58
9 15 10
9 15 58
9 16 9
9 16 41
9 17 9
9 17 41
9 18 9
9 18 41
