1 8 30
1 9 30
1 9 46
1 10 30
1 10 46
1 11 30
1 11 46
1 12 30
1 12 46
1 13 14
1 13 62
1 14 14
1 14 62
1 15 14
1 15 62
1 16 14
1 16 62
1 17 62
2 4 14
2 4 46
2 5 14
2 5 46
2 6 14
2 6 46
2 7 14
2 7 46
2 8 14
2 8 46
2 9 14
2 9 46
2 10 14
2 10 46
2 11 14
2 11 46
2 12 14
2 12 46
2 13 14
2 13 46
2 14 14
2 14 46
2 15 14
2 15 46
2 16 14
2 16 46
2 17 14
2 17 46
2 18 14
2 18 46
3 4 14
3 4 46
3 5 14
3 5 46
3 6 14
3 6 46
3 7 14
3 7 46
3 8 14
3 8 46
3 9 14
3 9 46
3 10 14
3 10 46
3 11 14
3 11 46
3 12 14
3 12 46
3 13 14
3 13 46
3 14 14
3 14 46
3 15 14
3 15 46
3 16 14
3 16 46
3 17 14
3 17 46
3 18 14
3 18 46
4 4 14
4 4 46
4 5 14
4 5 46
4 6 14
4 6 46
4 7 14
4 7 46
4 8 14
4 8 46
4 9 14
4 9 46
4 10 14
4 10 46
4 11 14
4 11 46
4 12 14
4 12 46
4 13 14
4 13 46
4 14 14
4 14 46
4 15 14
4 15 46
4 16 14
4 16 46
4 17 14
4 17 46
4 18 14
4 18 46
5 4 14
5 4 46
5 5 14
5 5 46
5 6 14
5 6 46
5 7 14
5 7 46
5 8 14
5 8 46
5 9 14
5 9 46
5 10 14
5 10 46
5 11 14
5 11 46
5 12 14
5 12 46
5 13 14
5 13 46
5 14 14
5 14 46
5 15 14
5 15 46
5 16 14
5 16 46
5 17 14
5 17 46
5 18 14
5 18 46
6 4 14
6 4 46
6 5 14
6 5 46
6 6 14
6 6 46
6 7 14
6 7 46
6 8 14
6 8 46
6 9 14
6 9 46
6 10 14
6 10 46
6 11 14
6 11 46
6 12 14
6 12 46
6 13 14
6 13 46
6 14 14
6 14 46
6 15 14
6 15 46
6 16 14
6 16 46
6 17 14
6 17 46
6 18 14
6 18 46
7 4 14
7 4 46
7 5 14
7 5 46
7 6 14
7 6 46
7 7 14
7 7 46
7 8 14
7 8 46
7 9 14
7 9 46
7 10 14
7 10 46
7 11 14
7 11 46
7 12 14
7 12 46
7 13 14
7 13 46
7 14 14
7 14 46
7 15 14
7 15 46
7 16 14
7 16 46
7 17 14
7 17 46
7 18 14
7 18 46
8 4 14
8 4 46
8 5 14
8 5 46
8 6 14
8 6 46
8 7 14
8 7 46
8 8 14
8 8 46
8 9 14
8 9 46
8 10 14
8 10 46
8 11 14
8 11 46
8 12 14
8 12 46
8 13 14
8 13 46
8 14 14
8 14 46
8 15 14
8 15 46
8 16 14
8 16 46
8 17 14
8 17 46
8 18 14
8 18 46
9 7 14
9 7 62
9 8 14
9 8 62
9 9 14
9 9 62
9 10 14
9 10 62
9 11 14
9 11 62
9 12 14
9 12 62
9 13 14
9 13 62
9 14 14
9 14 62
9 15 14
9 15 62
9 16 14
9 16 46
9 17 14
9 17 46
9 18 14
9 18 46
