1 8 24
1 9 24
1 9 40
1 10 24
1 10 40
1 11 24
1 11 40
1 12 24
1 12 40
1 13 8
1 13 56
1 14 8
1 14 56
1 15 8
1 15 56
1 16 8
1 16 56
1 17 56
2 4 8
2 4 40
2 5 8
2 5 40
2 6 8
2 6 40
2 7 8
2 7 40
2 8 8
2 8 40
2 9 8
2 9 40
2 10 8
2 10 40
2 11 8
2 11 40
2 12 8
2 12 40
2 13 8
2 13 40
2 14 8
2 14 40
2 15 8
2 15 40
2 16 8
2 16 40
2 17 8
2 17 40
2 18 8
2 18 40
3 4 8
3 4 40
3 5 8
3 5 40
3 6 8
3 6 40
3 7 8
3 7 40
3 8 8
3 8 40
3 9 8
3 9 40
3 10 8
3 10 40
3 11 8
3 11 40
3 12 8
3 12 40
3 13 8
3 13 40
3 14 8
3 14 40
3 15 8
3 15 40
3 16 8
3 16 40
3 17 8
3 17 40
3 18 8
3 18 40
4 4 8
4 4 40
4 5 8
4 5 40
4 6 8
4 6 40
4 7 8
4 7 40
4 8 8
4 8 40
4 9 8
4 9 40
4 10 8
4 10 40
4 11 8
4 11 40
4 12 8
4 12 40
4 13 8
4 13 40
4 14 8
4 14 40
4 15 8
4 15 40
4 16 8
4 16 40
4 17 8
4 17 40
4 18 8
4 18 40
5 4 8
5 4 40
5 5 8
5 5 40
5 6 8
5 6 40
5 7 8
5 7 40
5 8 8
5 8 40
5 9 8
5 9 40
5 10 7
5 10 39
5 11 7
5 11 39
5 12 7
5 12 39
5 13 7
5 13 39
5 14 7
5 14 39
5 15 7
5 15 39
5 16 8
5 16 40
5 17 8
5 17 40
5 18 8
5 18 40
6 4 8
6 4 40
6 5 8
6 5 40
6 6 8
6 6 40
6 7 8
6 7 40
6 8 8
6 8 40
6 9 8
6 9 40
6 10 8
6 10 40
6 11 8
6 11 40
6 12 8
6 12 40
6 13 8
6 13 40
6 14 8
6 14 40
6 15 8
6 15 40
6 16 8
6 16 40
6 17 8
6 17 40
6 18 8
6 18 40
7 4 8
7 4 40
7 5 8
7 5 40
7 6 8
7 6 40
7 7 8
7 7 40
7 8 8
7 8 40
7 9 8
7 9 40
7 10 8
7 10 40
7 11 8
7 11 40
7 12 8
7 12 40
7 13 8
7 13 40
7 14 8
7 14 40
7 15 8
7 15 40
7 16 8
7 16 40
7 17 8
7 17 40
7 18 8
7 18 40
8 4 8
8 4 40
8 5 8
8 5 40
8 6 8
8 6 40
8 7 8
8 7 40
8 8 8
8 8 40
8 9 8
8 9 40
8 10 8
8 10 40
8 11 8
8 11 40
8 12 8
8 12 40
8 13 7
8 13 39
8 14 7
8 14 39
8 15 7
8 15 39
8 16 7
8 16 39
8 17 7
8 17 39
8 18 7
8 18 39
9 7 8
9 7 56
9 8 8
9 8 56
9 9 8
9 9 56
9 10 8
9 10 56
9 11 8
9 11 56
9 12 8
9 12 56
9 13 8
9 13 56
9 14 8
9 14 56
9 15 8
9 15 56
9 16 8
9 16 40
9 17 8
9 17 40
9 18 8
9 18 40
