1 8 18
1 9 18
1 9 34
1 10 18
1 10 34
1 11 18
1 11 34
1 12 18
1 12 34
1 13 2
1 13 50
1 14 2
1 14 50
1 15 2
1 15 50
1 16 2
1 16 50
1 17 50
2 4 2
2 4 34
2 5 2
2 5 34
2 6 2
2 6 34
2 7 2
2 7 34
2 8 2
2 8 34
2 9 2
2 9 34
2 10 2
2 10 34
2 11 2
2 11 34
2 12 2
2 12 34
2 13 2
2 13 34
2 14 2
2 14 34
2 15 2
2 15 34
2 16 2
2 16 34
2 17 2
2 17 34
2 18 2
2 18 34
3 4 2
3 4 34
3 5 2
3 5 34
3 6 2
3 6 34
3 7 2
3 7 34
3 8 2
3 8 34
3 9 2
3 9 34
3 10 2
3 10 34
3 11 2
3 11 34
3 12 2
3 12 34
3 13 2
3 13 34
3 14 2
3 14 34
3 15 2
3 15 34
3 16 2
3 16 34
3 17 2
3 17 34
3 18 2
3 18 34
4 4 2
4 4 34
4 5 2
4 5 34
4 6 2
4 6 34
4 7 2
4 7 34
4 8 2
4 8 34
4 9 2
4 9 34
4 10 2
4 10 34
4 11 2
4 11 34
4 12 2
4 12 34
4 13 2
4 13 34
4 14 2
4 14 34
4 15 2
4 15 34
4 16 2
4 16 34
4 17 2
4 17 34
4 18 2
4 18 34
5 4 2
5 4 34
5 5 2
5 5 34
5 6 2
5 6 34
5 7 2
5 7 34
5 8 2
5 8 34
5 9 2
5 9 34
5 10 2
5 10 34
5 11 2
5 11 34
5 12 2
5 12 34
5 13 2
5 13 34
5 14 2
5 14 34
5 15 2
5 15 34
5 16 2
5 16 34
5 17 2
5 17 34
5 18 2
5 18 34
6 4 2
6 4 34
6 5 2
6 5 34
6 6 2
6 6 34
6 7 2
6 7 34
6 8 2
6 8 34
6 9 2
6 9 34
6 10 2
6 10 34
6 11 2
6 11 34
6 12 2
6 12 34
6 13 2
6 13 34
6 14 2
6 14 34
6 15 2
6 15 34
6 16 2
6 16 34
6 17 2
6 17 34
6 18 2
6 18 34
7 4 2
7 4 34
7 5 2
7 5 34
7 6 2
7 6 34
7 7 2
7 7 34
7 8 2
7 8 34
7 9 2
7 9 34
7 10 2
7 10 34
7 11 2
7 11 34
7 12 2
7 12 34
7 13 2
7 13 34
7 14 2
7 14 34
7 15 2
7 15 34
7 16 2
7 16 34
7 17 2
7 17 34
7 18 2
7 18 34
8 4 2
8 4 34
8 5 2
8 5 34
8 6 2
8 6 34
8 7 2
8 7 34
8 8 2
8 8 34
8 9 2
8 9 34
8 10 2
8 10 34
8 11 2
8 11 34
8 12 2
8 12 34
8 13 2
8 13 34
8 14 2
8 14 34
8 15 2
8 15 34
8 16 2
8 16 34
8 17 2
8 17 34
8 18 2
8 18 34
9 7 2
9 7 50
9 8 2
9 8 50
9 9 2
9 9 50
9 10 2
9 10 50
9 11 2
9 11 50
9 12 2
9 12 50
9 13 2
9 13 50
9 14 2
9 14 50
9 15 2
9 15 50
9 16 2
9 16 34
9 17 2
9 17 34
9 18 2
9 18 34
