1 8 25
1 9 25
1 9 41
1 10 25
1 10 41
1 11 25
1 11 41
1 12 25
1 12 41
1 13 9
1 13 57
1 14 9
1 14 57
1 15 9
1 15 57
1 16 9
1 16 57
1 17 57
2 4 9
2 4 41
2 5 9
2 5 41
2 6 9
2 6 41
2 7 9
2 7 41
2 8 9
2 8 41
2 9 9
2 9 41
2 10 9
2 10 41
2 11 9
2 11 41
2 12 9
2 12 41
2 13 9
2 13 41
2 14 9
2 14 41
2 15 9
2 15 41
2 16 9
2 16 41
2 17 9
2 17 41
2 18 9
2 18 41
3 4 9
3 4 41
3 5 9
3 5 41
3 6 9
3 6 41
3 7 9
3 7 41
3 8 9
3 8 41
3 9 9
3 9 41
3 10 9
3 10 41
3 11 9
3 11 41
3 12 9
3 12 41
3 13 9
3 13 41
3 14 9
3 14 41
3 15 9
3 15 41
3 16 9
3 16 41
3 17 9
3 17 41
3 18 9
3 18 41
4 4 9
4 4 41
4 5 9
4 5 41
4 6 9
4 6 41
4 7 9
4 7 41
4 8 9
4 8 41
4 9 9
4 9 41
4 10 9
4 10 41
4 11 9
4 11 41
4 12 9
4 12 41
4 13 9
4 13 41
4 14 9
4 14 41
4 15 9
4 15 41
4 16 9
4 16 41
4 17 9
4 17 41
4 18 9
4 18 41
5 4 8
5 4 40
5 5 8
5 5 40
5 6 8
5 6 40
5 7 8
5 7 40
5 8 8
5 8 40
5 9 8
5 9 40
5 10 9
5 10 41
5 11 9
5 11 41
5 12 9
5 12 41
5 13 9
5 13 41
5 14 9
5 14 41
5 15 9
5 15 41
5 16 9
5 16 41
5 17 9
5 17 41
5 18 9
5 18 41
6 4 9
6 4 41
6 5 9
6 5 41
6 6 9
6 6 41
6 7 9
6 7 41
6 8 9
6 8 41
6 9 9
6 9 41
6 10 9
6 10 41
6 11 9
6 11 41
6 12 9
6 12 41
6 13 9
6 13 41
6 14 9
6 14 41
6 15 9
6 15 41
6 16 9
6 16 41
6 17 9
6 17 41
6 18 9
6 18 41
7 4 9
7 4 41
7 5 9
7 5 41
7 6 9
7 6 41
7 7 9
7 7 41
7 8 9
7 8 41
7 9 9
7 9 41
7 10 9
7 10 41
7 11 9
7 11 41
7 12 9
7 12 41
7 13 9
7 13 41
7 14 9
7 14 41
7 15 9
7 15 41
7 16 9
7 16 41
7 17 9
7 17 41
7 18 9
7 18 41
8 4 9
8 4 41
8 5 9
8 5 41
8 6 9
8 6 41
8 7 9
8 7 41
8 8 9
8 8 41
8 9 9
8 9 41
8 10 9
8 10 41
8 11 9
8 11 41
8 12 9
8 12 41
8 13 9
8 13 41
8 14 9
8 14 41
8 15 9
8 15 41
8 16 9
8 16 41
8 17 9
8 17 41
8 18 9
8 18 41
9 7 9
9 7 57
9 8 9
9 8 57
9 9 9
9 9 57
9 10 9
9 10 57
9 11 9
9 11 57
9 12 9
9 12 57
9 13 9
9 13 57
9 14 9
9 14 57
9 15 9
9 15 57
9 16 9
9 16 41
9 17 9
9 17 41
9 18 9
9 18 41
