1 8 23
1 9 23
1 9 39
1 10 23
1 10 39
1 11 23
1 11 39
1 12 23
1 12 39
1 13 7
1 13 55
1 14 7
1 14 55
1 15 7
1 15 55
1 16 7
1 16 55
1 17 55
2 4 7
2 4 39
2 5 7
2 5 39
2 6 7
2 6 39
2 7 7
2 7 39
2 8 7
2 8 39
2 9 7
2 9 39
2 10 7
2 10 39
2 11 7
2 11 39
2 12 7
2 12 39
2 13 7
2 13 39
2 14 7
2 14 39
2 15 7
2 15 39
2 16 7
2 16 39
2 17 7
2 17 39
2 18 7
2 18 39
3 4 7
3 4 39
3 5 7
3 5 39
3 6 7
3 6 39
3 7 7
3 7 39
3 8 7
3 8 39
3 9 7
3 9 39
3 10 7
3 10 39
3 11 7
3 11 39
3 12 7
3 12 39
3 13 7
3 13 39
3 14 7
3 14 39
3 15 7
3 15 39
3 16 7
3 16 39
3 17 7
3 17 39
3 18 7
3 18 39
4 4 7
4 4 39
4 5 7
4 5 39
4 6 7
4 6 39
4 7 7
4 7 39
4 8 7
4 8 39
4 9 7
4 9 39
4 10 7
4 10 39
4 11 7
4 11 39
4 12 7
4 12 39
4 13 7
4 13 39
4 14 7
4 14 39
4 15 7
4 15 39
4 16 7
4 16 39
4 17 7
4 17 39
4 18 7
4 18 39
5 4 7
5 4 39
5 5 7
5 5 39
5 6 7
5 6 39
5 7 7
5 7 39
5 8 7
5 8 39
5 9 7
5 9 39
5 10 7
5 10 39
5 11 7
5 11 39
5 12 7
5 12 39
5 13 7
5 13 39
5 14 7
5 14 39
5 15 7
5 15 39
5 16 7
5 16 39
5 17 7
5 17 39
5 18 7
5 18 39
6 4 7
6 4 39
6 5 7
6 5 39
6 6 7
6 6 39
6 7 7
6 7 39
6 8 7
6 8 39
6 9 7
6 9 39
6 10 7
6 10 39
6 11 7
6 11 39
6 12 7
6 12 39
6 13 7
6 13 39
6 14 7
6 14 39
6 15 7
6 15 39
6 16 7
6 16 39
6 17 7
6 17 39
6 18 7
6 18 39
7 4 7
7 4 39
7 5 7
7 5 39
7 6 7
7 6 39
7 7 7
7 7 39
7 8 7
7 8 39
7 9 7
7 9 39
7 10 7
7 10 39
7 11 7
7 11 39
7 12 7
7 12 39
7 13 7
7 13 39
7 14 7
7 14 39
7 15 7
7 15 39
7 16 7
7 16 39
7 17 7
7 17 39
7 18 7
7 18 39
8 4 7
8 4 39
8 5 7
8 5 39
8 6 7
8 6 39
8 7 7
8 7 39
8 8 7
8 8 39
8 9 7
8 9 39
8 10 7
8 10 39
8 11 7
8 11 39
8 12 7
8 12 39
8 13 7
8 13 39
8 14 7
8 14 39
8 15 7
8 15 39
8 16 7
8 16 39
8 17 7
8 17 39
8 18 7
8 18 39
9 7 7
9 7 55
9 8 7
9 8 55
9 9 7
9 9 55
9 10 7
9 10 55
9 11 7
9 11 55
9 12 7
9 12 55
9 13 7
9 13 55
9 14 7
9 14 55
9 15 7
9 15 55
9 16 7
9 16 39
9 17 7
9 17 39
9 18 7
9 18 39
