1 8 16
1 9 16
1 9 32
1 10 16
1 10 32
1 11 16
1 11 32
1 12 16
1 12 32
1 13 0
1 13 48
1 14 0
1 14 48
1 15 0
1 15 48
1 16 0
1 16 48
1 17 48
2 4 0
2 4 32
2 5 0
2 5 32
2 6 0
2 6 32
2 7 0
2 7 32
2 8 0
2 8 32
2 9 0
2 9 32
2 10 0
2 10 32
2 11 0
2 11 32
2 12 0
2 12 32
2 13 0
2 13 32
2 14 0
2 14 32
2 15 0
2 15 32
2 16 0
2 16 32
2 17 0
2 17 32
2 18 0
2 18 32
3 4 0
3 4 32
3 5 0
3 5 32
3 6 0
3 6 32
3 7 0
3 7 32
3 8 0
3 8 32
3 9 0
3 9 32
3 10 0
3 10 32
3 11 0
3 11 32
3 12 0
3 12 32
3 13 0
3 13 32
3 14 0
3 14 32
3 15 0
3 15 32
3 16 0
3 16 32
3 17 0
3 17 32
3 18 0
3 18 32
4 4 0
4 4 32
4 5 0
4 5 32
4 6 0
4 6 32
4 7 0
4 7 32
4 8 0
4 8 32
4 9 0
4 9 32
4 10 0
4 10 32
4 11 0
4 11 32
4 12 0
4 12 32
4 13 0
4 13 32
4 14 0
4 14 32
4 15 0
4 15 32
4 16 0
4 16 32
4 17 0
4 17 32
4 18 0
4 18 32
5 4 0
5 4 32
5 5 0
5 5 32
5 6 0
5 6 32
5 7 0
5 7 32
5 8 0
5 8 32
5 9 0
5 9 32
5 10 0
5 10 32
5 11 0
5 11 32
5 12 0
5 12 32
5 13 0
5 13 32
5 14 0
5 14 32
5 15 0
5 15 32
5 16 0
5 16 32
5 17 0
5 17 32
5 18 0
5 18 32
6 4 0
6 4 32
6 5 0
6 5 32
6 6 0
6 6 32
6 7 0
6 7 32
6 8 0
6 8 32
6 9 0
6 9 32
6 10 0
6 10 32
6 11 0
6 11 32
6 12 0
6 12 32
6 13 0
6 13 32
6 14 0
6 14 32
6 15 0
6 15 32
6 16 0
6 16 32
6 17 0
6 17 32
6 18 0
6 18 32
7 4 0
7 4 32
7 5 0
7 5 32
7 6 0
7 6 32
7 7 0
7 7 32
7 8 0
7 8 32
7 9 0
7 9 32
7 10 0
7 10 32
7 11 0
7 11 32
7 12 0
7 12 32
7 13 0
7 13 32
7 14 0
7 14 32
7 15 0
7 15 32
7 16 0
7 16 32
7 17 0
7 17 32
7 18 0
7 18 32
8 4 0
8 4 32
8 5 0
8 5 32
8 6 0
8 6 32
8 7 0
8 7 32
8 8 0
8 8 32
8 9 0
8 9 32
8 10 0
8 10 32
8 11 0
8 11 32
8 12 0
8 12 32
8 13 0
8 13 32
8 14 0
8 14 32
8 15 0
8 15 32
8 16 0
8 16 32
8 17 0
8 17 32
8 18 0
8 18 32
9 7 0
9 7 48
9 8 0
9 8 48
9 9 0
9 9 48
9 10 0
9 10 48
9 11 0
9 11 48
9 12 0
9 12 48
9 13 0
9 13 48
9 14 0
9 14 48
9 15 0
9 15 48
9 16 0
9 16 32
9 17 0
9 17 32
9 18 0
9 18 32
