1 8 31
1 9 31
1 9 47
1 10 31
1 10 47
1 11 31
1 11 47
1 12 31
1 12 47
1 13 15
1 13 63
1 14 15
1 14 63
1 15 15
1 15 63
1 16 15
1 16 63
1 17 63
2 4 15
2 4 47
2 5 15
2 5 47
2 6 15
2 6 47
2 7 15
2 7 47
2 8 15
2 8 47
2 9 15
2 9 47
2 10 15
2 10 47
2 11 15
2 11 47
2 12 15
2 12 47
2 13 15
2 13 47
2 14 15
2 14 47
2 15 15
2 15 47
2 16 15
2 16 47
2 17 15
2 17 47
2 18 15
2 18 47
3 4 15
3 4 47
3 5 15
3 5 47
3 6 15
3 6 47
3 7 15
3 7 47
3 8 15
3 8 47
3 9 15
3 9 47
3 10 15
3 10 47
3 11 15
3 11 47
3 12 15
3 12 47
3 13 15
3 13 47
3 14 15
3 14 47
3 15 15
3 15 47
3 16 15
3 16 47
3 17 15
3 17 47
3 18 15
3 18 47
4 4 15
4 4 47
4 5 15
4 5 47
4 6 15
4 6 47
4 7 15
4 7 47
4 8 15
4 8 47
4 9 15
4 9 47
4 10 15
4 10 47
4 11 15
4 11 47
4 12 15
4 12 47
4 13 15
4 13 47
4 14 15
4 14 47
4 15 15
4 15 47
4 16 15
4 16 47
4 17 15
4 17 47
4 18 15
4 18 47
5 4 15
5 4 47
5 5 15
5 5 47
5 6 15
5 6 47
5 7 15
5 7 47
5 8 15
5 8 47
5 9 15
5 9 47
5 10 15
5 10 47
5 11 15
5 11 47
5 12 15
5 12 47
5 13 15
5 13 47
5 14 15
5 14 47
5 15 15
5 15 47
5 16 15
5 16 47
5 17 15
5 17 47
5 18 15
5 18 47
6 4 15
6 4 47
6 5 15
6 5 47
6 6 15
6 6 47
6 7 15
6 7 47
6 8 15
6 8 47
6 9 15
6 9 47
6 10 15
6 10 47
6 11 15
6 11 47
6 12 15
6 12 47
6 13 15
6 13 47
6 14 15
6 14 47
6 15 15
6 15 47
6 16 15
6 16 47
6 17 15
6 17 47
6 18 15
6 18 47
7 4 15
7 4 47
7 5 15
7 5 47
7 6 15
7 6 47
7 7 15
7 7 47
7 8 15
7 8 47
7 9 15
7 9 47
7 10 15
7 10 47
7 11 15
7 11 47
7 12 15
7 12 47
7 13 15
7 13 47
7 14 15
7 14 47
7 15 15
7 15 47
7 16 15
7 16 47
7 17 15
7 17 47
7 18 15
7 18 47
8 4 15
8 4 47
8 5 15
8 5 47
8 6 15
8 6 47
8 7 15
8 7 47
8 8 15
8 8 47
8 9 15
8 9 47
8 10 15
8 10 47
8 11 15
8 11 47
8 12 15
8 12 47
8 13 15
8 13 47
8 14 15
8 14 47
8 15 15
8 15 47
8 16 15
8 16 47
8 17 15
8 17 47
8 18 15
8 18 47
9 7 15
9 7 63
9 8 15
9 8 63
9 9 15
9 9 63
9 10 15
9 10 63
9 11 15
9 11 63
9 12 15
9 12 63
9 13 15
9 13 63
9 14 15
9 14 63
9 15 15
9 15 63
9 16 15
9 16 47
9 17 15
9 17 47
9 18 15
9 18 47
