1 8 21
1 9 21
1 9 37
1 10 21
1 10 37
1 11 21
1 11 37
1 12 21
1 12 37
1 13 5
1 13 53
1 14 5
1 14 53
1 15 5
1 15 53
1 16 5
1 16 53
1 17 53
2 4 5
2 4 37
2 5 5
2 5 37
2 6 5
2 6 37
2 7 5
2 7 37
2 8 5
2 8 37
2 9 5
2 9 37
2 10 5
2 10 37
2 11 5
2 11 37
2 12 5
2 12 37
2 13 5
2 13 37
2 14 5
2 14 37
2 15 5
2 15 37
2 16 5
2 16 37
2 17 5
2 17 37
2 18 5
2 18 37
3 4 5
3 4 37
3 5 5
3 5 37
3 6 5
3 6 37
3 7 5
3 7 37
3 8 5
3 8 37
3 9 5
3 9 37
3 10 5
3 10 37
3 11 5
3 11 37
3 12 5
3 12 37
3 13 5
3 13 37
3 14 5
3 14 37
3 15 5
3 15 37
3 16 5
3 16 37
3 17 5
3 17 37
3 18 5
3 18 37
4 4 5
4 4 37
4 5 5
4 5 37
4 6 5
4 6 37
4 7 5
4 7 37
4 8 5
4 8 37
4 9 5
4 9 37
4 10 5
4 10 37
4 11 5
4 11 37
4 12 5
4 12 37
4 13 5
4 13 37
4 14 5
4 14 37
4 15 5
4 15 37
4 16 5
4 16 37
4 17 5
4 17 37
4 18 5
4 18 37
5 4 5
5 4 37
5 5 5
5 5 37
5 6 5
5 6 37
5 7 5
5 7 37
5 8 5
5 8 37
5 9 5
5 9 37
5 10 5
5 10 37
5 11 5
5 11 37
5 12 5
5 12 37
5 13 5
5 13 37
5 14 5
5 14 37
5 15 5
5 15 37
5 16 5
5 16 37
5 17 5
5 17 37
5 18 5
5 18 37
6 4 5
6 4 37
6 5 5
6 5 37
6 6 5
6 6 37
6 7 5
6 7 37
6 8 5
6 8 37
6 9 5
6 9 37
6 10 5
6 10 37
6 11 5
6 11 37
6 12 5
6 12 37
6 13 5
6 13 37
6 14 5
6 14 37
6 15 5
6 15 37
6 16 5
6 16 37
6 17 5
6 17 37
6 18 5
6 18 37
7 4 5
7 4 37
7 5 5
7 5 37
7 6 5
7 6 37
7 7 5
7 7 37
7 8 5
7 8 37
7 9 5
7 9 37
7 10 5
7 10 37
7 11 5
7 11 37
7 12 5
7 12 37
7 13 5
7 13 37
7 14 5
7 14 37
7 15 5
7 15 37
7 16 5
7 16 37
7 17 5
7 17 37
7 18 5
7 18 37
8 4 5
8 4 37
8 5 5
8 5 37
8 6 5
8 6 37
8 7 5
8 7 37
8 8 5
8 8 37
8 9 5
8 9 37
8 10 5
8 10 37
8 11 5
8 11 37
8 12 5
8 12 37
8 13 5
8 13 37
8 14 5
8 14 37
8 15 5
8 15 37
8 16 5
8 16 37
8 17 5
8 17 37
8 18 5
8 18 37
9 7 5
9 7 53
9 8 5
9 8 53
9 9 5
9 9 53
9 10 5
9 10 53
9 11 5
9 11 53
9 12 5
9 12 53
9 13 5
9 13 53
9 14 5
9 14 53
9 15 5
9 15 53
9 16 5
9 16 37
9 17 5
9 17 37
9 18 5
9 18 37
