1 8 29
1 9 29
1 9 45
1 10 29
1 10 45
1 11 29
1 11 45
1 12 29
1 12 45
1 13 13
1 13 61
1 14 13
1 14 61
1 15 13
1 15 61
1 16 13
1 16 61
1 17 61
2 4 13
2 4 45
2 5 13
2 5 45
2 6 13
2 6 45
2 7 13
2 7 45
2 8 13
2 8 45
2 9 13
2 9 45
2 10 13
2 10 45
2 11 13
2 11 45
2 12 13
2 12 45
2 13 13
2 13 45
2 14 13
2 14 45
2 15 13
2 15 45
2 16 13
2 16 45
2 17 13
2 17 45
2 18 13
2 18 45
3 4 13
3 4 45
3 5 13
3 5 45
3 6 13
3 6 45
3 7 13
3 7 45
3 8 13
3 8 45
3 9 13
3 9 45
3 10 13
3 10 45
3 11 13
3 11 45
3 12 13
3 12 45
3 13 13
3 13 45
3 14 13
3 14 45
3 15 13
3 15 45
3 16 13
3 16 45
3 17 13
3 17 45
3 18 13
3 18 45
4 4 13
4 4 45
4 5 13
4 5 45
4 6 13
4 6 45
4 7 13
4 7 45
4 8 13
4 8 45
4 9 13
4 9 45
4 10 13
4 10 45
4 11 13
4 11 45
4 12 13
4 12 45
4 13 13
4 13 45
4 14 13
4 14 45
4 15 13
4 15 45
4 16 13
4 16 45
4 17 13
4 17 45
4 18 13
4 18 45
5 4 13
5 4 45
5 5 13
5 5 45
5 6 13
5 6 45
5 7 13
5 7 45
5 8 13
5 8 45
5 9 13
5 9 45
5 10 13
5 10 45
5 11 13
5 11 45
5 12 13
5 12 45
5 13 13
5 13 45
5 14 13
5 14 45
5 15 13
5 15 45
5 16 13
5 16 45
5 17 13
5 17 45
5 18 13
5 18 45
6 4 13
6 4 45
6 5 13
6 5 45
6 6 13
6 6 45
6 7 13
6 7 45
6 8 13
6 8 45
6 9 13
6 9 45
6 10 13
6 10 45
6 11 13
6 11 45
6 12 13
6 12 45
6 13 13
6 13 45
6 14 13
6 14 45
6 15 13
6 15 45
6 16 13
6 16 45
6 17 13
6 17 45
6 18 13
6 18 45
7 4 13
7 4 45
7 5 13
7 5 45
7 6 13
7 6 45
7 7 13
7 7 45
7 8 13
7 8 45
7 9 13
7 9 45
7 10 13
7 10 45
7 11 13
7 11 45
7 12 13
7 12 45
7 13 13
7 13 45
7 14 13
7 14 45
7 15 13
7 15 45
7 16 13
7 16 45
7 17 13
7 17 45
7 18 13
7 18 45
8 4 13
8 4 45
8 5 13
8 5 45
8 6 13
8 6 45
8 7 13
8 7 45
8 8 13
8 8 45
8 9 13
8 9 45
8 10 13
8 10 45
8 11 13
8 11 45
8 12 13
8 12 45
8 13 13
8 13 45
8 14 13
8 14 45
8 15 13
8 15 45
8 16 13
8 16 45
8 17 13
8 17 45
8 18 13
8 18 45
9 7 13
9 7 61
9 8 13
9 8 61
9 9 13
9 9 61
9 10 13
9 10 61
9 11 13
9 11 61
9 12 13
9 12 61
9 13 13
9 13 61
9 14 13
9 14 61
9 15 13
9 15 61
9 16 13
9 16 45
9 17 13
9 17 45
9 18 13
9 18 45
