1 8 28
1 9 28
1 9 44
1 10 28
1 10 44
1 11 28
1 11 44
1 12 28
1 12 44
1 13 12
1 13 60
1 14 12
1 14 60
1 15 12
1 15 60
1 16 12
1 16 60
1 17 60
2 4 12
2 4 44
2 5 12
2 5 44
2 6 12
2 6 44
2 7 12
2 7 44
2 8 12
2 8 44
2 9 12
2 9 44
2 10 12
2 10 44
2 11 12
2 11 44
2 12 12
2 12 44
2 13 12
2 13 44
2 14 12
2 14 44
2 15 12
2 15 44
2 16 12
2 16 44
2 17 12
2 17 44
2 18 12
2 18 44
3 4 12
3 4 44
3 5 12
3 5 44
3 6 12
3 6 44
3 7 12
3 7 44
3 8 12
3 8 44
3 9 12
3 9 44
3 10 12
3 10 44
3 11 12
3 11 44
3 12 12
3 12 44
3 13 12
3 13 44
3 14 12
3 14 44
3 15 12
3 15 44
3 16 12
3 16 44
3 17 12
3 17 44
3 18 12
3 18 44
4 4 12
4 4 44
4 5 12
4 5 44
4 6 12
4 6 44
4 7 12
4 7 44
4 8 12
4 8 44
4 9 12
4 9 44
4 10 12
4 10 44
4 11 12
4 11 44
4 12 12
4 12 44
4 13 12
4 13 44
4 14 12
4 14 44
4 15 12
4 15 44
4 16 12
4 16 44
4 17 12
4 17 44
4 18 12
4 18 44
5 4 12
5 4 44
5 5 12
5 5 44
5 6 12
5 6 44
5 7 12
5 7 44
5 8 12
5 8 44
5 9 12
5 9 44
5 10 12
5 10 44
5 11 12
5 11 44
5 12 12
5 12 44
5 13 12
5 13 44
5 14 12
5 14 44
5 15 12
5 15 44
5 16 12
5 16 44
5 17 12
5 17 44
5 18 12
5 18 44
6 4 12
6 4 44
6 5 12
6 5 44
6 6 12
6 6 44
6 7 12
6 7 44
6 8 12
6 8 44
6 9 12
6 9 44
6 10 12
6 10 44
6 11 12
6 11 44
6 12 12
6 12 44
6 13 12
6 13 44
6 14 12
6 14 44
6 15 12
6 15 44
6 16 12
6 16 44
6 17 12
6 17 44
6 18 12
6 18 44
7 4 12
7 4 44
7 5 12
7 5 44
7 6 12
7 6 44
7 7 12
7 7 44
7 8 12
7 8 44
7 9 12
7 9 44
7 10 12
7 10 44
7 11 12
7 11 44
7 12 12
7 12 44
7 13 12
7 13 44
7 14 12
7 14 44
7 15 12
7 15 44
7 16 12
7 16 44
7 17 12
7 17 44
7 18 12
7 18 44
8 4 12
8 4 44
8 5 12
8 5 44
8 6 12
8 6 44
8 7 12
8 7 44
8 8 12
8 8 44
8 9 12
8 9 44
8 10 12
8 10 44
8 11 12
8 11 44
8 12 12
8 12 44
8 13 12
8 13 44
8 14 12
8 14 44
8 15 12
8 15 44
8 16 12
8 16 44
8 17 12
8 17 44
8 18 12
8 18 44
9 7 12
9 7 60
9 8 12
9 8 60
9 9 12
9 9 60
9 10 12
9 10 60
9 11 12
9 11 60
9 12 12
9 12 60
9 13 12
9 13 60
9 14 12
9 14 60
9 15 12
9 15 60
9 16 12
9 16 44
9 17 12
9 17 44
9 18 12
9 18 44
