crate_id	slot	fem_channel	feedthru	faraday_cage_connector	adcreceiver_topbot	wireplane	mboard_id asic_id wirenum larsoft_channel larsoft_wirenum
1		9	0		1		B-2			P1			U		6	  36	  576	  1823		  1823
1		11	32		1		A-3			P2			U		5	  30	  480	  1919		  1919
1		12	0		1		B-5			P1			U		4	  24	  384	  2015		  2015
1		14	32		1		D-2			P2			U		3	  18	  288	  2111		  2111
1		15	0		1		C-3			P1			U		2	  12	  192	  2207		  2207
1		17	32		1		D-5			P2			U		1	  6	  96	  2303		  2303
1		18	0		1		B-6			P1			U		0	  0	  0	  2399		  2399
1		9	1		1		B-2			P1			U		6	  36	  577	  1822		  1822
1		11	33		1		A-3			P2			U		5	  30	  481	  1918		  1918
1		12	1		1		B-5			P1			U		4	  24	  385	  2014		  2014
1		14	33		1		D-2			P2			U		3	  18	  289	  2110		  2110
1		15	1		1		C-3			P1			U		2	  12	  193	  2206		  2206
1		17	33		1		D-5			P2			U		1	  6	  97	  2302		  2302
1		18	1		1		B-6			P1			U		0	  0	  1	  2398		  2398
1		9	2		1		B-2			P1			U		6	  36	  578	  1821		  1821
1		11	34		1		A-3			P2			U		5	  30	  482	  1917		  1917
1		12	2		1		B-5			P1			U		4	  24	  386	  2013		  2013
1		14	34		1		D-2			P2			U		3	  18	  290	  2109		  2109
1		15	2		1		C-3			P1			U		2	  12	  194	  2205		  2205
1		17	34		1		D-5			P2			U		1	  6	  98	  2301		  2301
1		18	2		1		B-6			P1			U		0	  0	  2	  2397		  2397
1		9	3		1		B-2			P1			U		6	  36	  579	  1820		  1820
1		11	35		1		A-3			P2			U		5	  30	  483	  1916		  1916
1		12	3		1		B-5			P1			U		4	  24	  387	  2012		  2012
1		14	35		1		D-2			P2			U		3	  18	  291	  2108		  2108
1		15	3		1		C-3			P1			U		2	  12	  195	  2204		  2204
1		17	35		1		D-5			P2			U		1	  6	  99	  2300		  2300
1		18	3		1		B-6			P1			U		0	  0	  3	  2396		  2396
1		9	4		1		B-2			P1			U		6	  36	  580	  1819		  1819
1		11	36		1		A-3			P2			U		5	  30	  484	  1915		  1915
1		12	4		1		B-5			P1			U		4	  24	  388	  2011		  2011
1		14	36		1		D-2			P2			U		3	  18	  292	  2107		  2107
1		15	4		1		C-3			P1			U		2	  12	  196	  2203		  2203
1		17	36		1		D-5			P2			U		1	  6	  100	  2299		  2299
1		18	4		1		B-6			P1			U		0	  0	  4	  2395		  2395
1		9	5		1		B-2			P1			U		6	  36	  581	  1818		  1818
1		11	37		1		A-3			P2			U		5	  30	  485	  1914		  1914
1		12	5		1		B-5			P1			U		4	  24	  389	  2010		  2010
1		14	37		1		D-2			P2			U		3	  18	  293	  2106		  2106
1		15	5		1		C-3			P1			U		2	  12	  197	  2202		  2202
1		17	37		1		D-5			P2			U		1	  6	  101	  2298		  2298
1		18	5		1		B-6			P1			U		0	  0	  5	  2394		  2394
1		9	6		1		B-2			P1			U		6	  36	  582	  1817		  1817
1		11	38		1		A-3			P2			U		5	  30	  486	  1913		  1913
1		12	6		1		B-5			P1			U		4	  24	  390	  2009		  2009
1		14	38		1		D-2			P2			U		3	  18	  294	  2105		  2105
1		15	6		1		C-3			P1			U		2	  12	  198	  2201		  2201
1		17	38		1		D-5			P2			U		1	  6	  102	  2297		  2297
1		18	6		1		B-6			P1			U		0	  0	  6	  2393		  2393
1		9	7		1		B-2			P1			U		6	  36	  583	  1816		  1816
1		11	39		1		A-3			P2			U		5	  30	  487	  1912		  1912
1		12	7		1		B-5			P1			U		4	  24	  391	  2008		  2008
1		14	39		1		D-2			P2			U		3	  18	  295	  2104		  2104
1		15	7		1		C-3			P1			U		2	  12	  199	  2200		  2200
1		17	39		1		D-5			P2			U		1	  6	  103	  2296		  2296
1		18	7		1		B-6			P1			U		0	  0	  7	  2392		  2392
1		9	8		1		B-2			P1			U		6	  36	  584	  1815		  1815
1		11	40		1		A-3			P2			U		5	  30	  488	  1911		  1911
1		12	8		1		B-5			P1			U		4	  24	  392	  2007		  2007
1		14	40		1		D-2			P2			U		3	  18	  296	  2103		  2103
1		15	8		1		C-3			P1			U		2	  12	  200	  2199		  2199
1		17	40		1		D-5			P2			U		1	  6	  104	  2295		  2295
1		18	8		1		B-6			P1			U		0	  0	  8	  2391		  2391
1		9	9		1		B-2			P1			U		6	  36	  585	  1814		  1814
1		11	41		1		A-3			P2			U		5	  30	  489	  1910		  1910
1		12	9		1		B-5			P1			U		4	  24	  393	  2006		  2006
1		14	41		1		D-2			P2			U		3	  18	  297	  2102		  2102
1		15	9		1		C-3			P1			U		2	  12	  201	  2198		  2198
1		17	41		1		D-5			P2			U		1	  6	  105	  2294		  2294
1		18	9		1		B-6			P1			U		0	  0	  9	  2390		  2390
1		9	10		1		B-2			P1			U		6	  36	  586	  1813		  1813
1		11	42		1		A-3			P2			U		5	  30	  490	  1909		  1909
1		12	10		1		B-5			P1			U		4	  24	  394	  2005		  2005
1		14	42		1		D-2			P2			U		3	  18	  298	  2101		  2101
1		15	10		1		C-3			P1			U		2	  12	  202	  2197		  2197
1		17	42		1		D-5			P2			U		1	  6	  106	  2293		  2293
1		18	10		1		B-6			P1			U		0	  0	  10	  2389		  2389
1		9	11		1		B-2			P1			U		6	  36	  587	  1812		  1812
1		11	43		1		A-3			P2			U		5	  30	  491	  1908		  1908
1		12	11		1		B-5			P1			U		4	  24	  395	  2004		  2004
1		14	43		1		D-2			P2			U		3	  18	  299	  2100		  2100
1		15	11		1		C-3			P1			U		2	  12	  203	  2196		  2196
1		17	43		1		D-5			P2			U		1	  6	  107	  2292		  2292
1		18	11		1		B-6			P1			U		0	  0	  11	  2388		  2388
1		9	12		1		B-2			P1			U		6	  36	  588	  1811		  1811
1		11	44		1		A-3			P2			U		5	  30	  492	  1907		  1907
1		12	12		1		B-5			P1			U		4	  24	  396	  2003		  2003
1		14	44		1		D-2			P2			U		3	  18	  300	  2099		  2099
1		15	12		1		C-3			P1			U		2	  12	  204	  2195		  2195
1		17	44		1		D-5			P2			U		1	  6	  108	  2291		  2291
1		18	12		1		B-6			P1			U		0	  0	  12	  2387		  2387
1		9	13		1		B-2			P1			U		6	  36	  589	  1810		  1810
1		11	45		1		A-3			P2			U		5	  30	  493	  1906		  1906
1		12	13		1		B-5			P1			U		4	  24	  397	  2002		  2002
1		14	45		1		D-2			P2			U		3	  18	  301	  2098		  2098
1		15	13		1		C-3			P1			U		2	  12	  205	  2194		  2194
1		17	45		1		D-5			P2			U		1	  6	  109	  2290		  2290
1		18	13		1		B-6			P1			U		0	  0	  13	  2386		  2386
1		9	14		1		B-2			P1			U		6	  36	  590	  1809		  1809
1		11	46		1		A-3			P2			U		5	  30	  494	  1905		  1905
1		12	14		1		B-5			P1			U		4	  24	  398	  2001		  2001
1		14	46		1		D-2			P2			U		3	  18	  302	  2097		  2097
1		15	14		1		C-3			P1			U		2	  12	  206	  2193		  2193
1		17	46		1		D-5			P2			U		1	  6	  110	  2289		  2289
1		18	14		1		B-6			P1			U		0	  0	  14	  2385		  2385
1		9	15		1		B-2			P1			U		6	  36	  591	  1808		  1808
1		11	47		1		A-3			P2			U		5	  30	  495	  1904		  1904
1		12	15		1		B-5			P1			U		4	  24	  399	  2000		  2000
1		14	47		1		D-2			P2			U		3	  18	  303	  2096		  2096
1		15	15		1		C-3			P1			U		2	  12	  207	  2192		  2192
1		17	47		1		D-5			P2			U		1	  6	  111	  2288		  2288
1		18	15		1		B-6			P1			U		0	  0	  15	  2384		  2384
1		9	16		1		B-2			P1			U		6	  37	  592	  1807		  1807
1		11	48		1		A-3			P2			U		5	  31	  496	  1903		  1903
1		12	16		1		B-5			P1			U		4	  25	  400	  1999		  1999
1		14	48		1		D-2			P2			U		3	  19	  304	  2095		  2095
1		15	16		1		C-3			P1			U		2	  13	  208	  2191		  2191
1		17	48		1		D-5			P2			U		1	  7	  112	  2287		  2287
1		18	16		1		B-6			P1			U		0	  1	  16	  2383		  2383
1		9	17		1		B-2			P1			U		6	  37	  593	  1806		  1806
1		11	49		1		A-3			P2			U		5	  31	  497	  1902		  1902
1		12	17		1		B-5			P1			U		4	  25	  401	  1998		  1998
1		14	49		1		D-2			P2			U		3	  19	  305	  2094		  2094
1		15	17		1		C-3			P1			U		2	  13	  209	  2190		  2190
1		17	49		1		D-5			P2			U		1	  7	  113	  2286		  2286
1		18	17		1		B-6			P1			U		0	  1	  17	  2382		  2382
1		9	18		1		B-2			P1			U		6	  37	  594	  1805		  1805
1		11	50		1		A-3			P2			U		5	  31	  498	  1901		  1901
1		12	18		1		B-5			P1			U		4	  25	  402	  1997		  1997
1		14	50		1		D-2			P2			U		3	  19	  306	  2093		  2093
1		15	18		1		C-3			P1			U		2	  13	  210	  2189		  2189
1		17	50		1		D-5			P2			U		1	  7	  114	  2285		  2285
1		18	18		1		B-6			P1			U		0	  1	  18	  2381		  2381
1		9	19		1		B-2			P1			U		6	  37	  595	  1804		  1804
1		11	51		1		A-3			P2			U		5	  31	  499	  1900		  1900
1		12	19		1		B-5			P1			U		4	  25	  403	  1996		  1996
1		14	51		1		D-2			P2			U		3	  19	  307	  2092		  2092
1		15	19		1		C-3			P1			U		2	  13	  211	  2188		  2188
1		17	51		1		D-5			P2			U		1	  7	  115	  2284		  2284
1		18	19		1		B-6			P1			U		0	  1	  19	  2380		  2380
1		9	20		1		B-2			P1			U		6	  37	  596	  1803		  1803
1		11	52		1		A-3			P2			U		5	  31	  500	  1899		  1899
1		12	20		1		B-5			P1			U		4	  25	  404	  1995		  1995
1		14	52		1		D-2			P2			U		3	  19	  308	  2091		  2091
1		15	20		1		C-3			P1			U		2	  13	  212	  2187		  2187
1		17	52		1		D-5			P2			U		1	  7	  116	  2283		  2283
1		18	20		1		B-6			P1			U		0	  1	  20	  2379		  2379
1		9	21		1		B-2			P1			U		6	  37	  597	  1802		  1802
1		11	53		1		A-3			P2			U		5	  31	  501	  1898		  1898
1		12	21		1		B-5			P1			U		4	  25	  405	  1994		  1994
1		14	53		1		D-2			P2			U		3	  19	  309	  2090		  2090
1		15	21		1		C-3			P1			U		2	  13	  213	  2186		  2186
1		17	53		1		D-5			P2			U		1	  7	  117	  2282		  2282
1		18	21		1		B-6			P1			U		0	  1	  21	  2378		  2378
1		9	22		1		B-2			P1			U		6	  37	  598	  1801		  1801
1		11	54		1		A-3			P2			U		5	  31	  502	  1897		  1897
1		12	22		1		B-5			P1			U		4	  25	  406	  1993		  1993
1		14	54		1		D-2			P2			U		3	  19	  310	  2089		  2089
1		15	22		1		C-3			P1			U		2	  13	  214	  2185		  2185
1		17	54		1		D-5			P2			U		1	  7	  118	  2281		  2281
1		18	22		1		B-6			P1			U		0	  1	  22	  2377		  2377
1		9	23		1		B-2			P1			U		6	  37	  599	  1800		  1800
1		11	55		1		A-3			P2			U		5	  31	  503	  1896		  1896
1		12	23		1		B-5			P1			U		4	  25	  407	  1992		  1992
1		14	55		1		D-2			P2			U		3	  19	  311	  2088		  2088
1		15	23		1		C-3			P1			U		2	  13	  215	  2184		  2184
1		17	55		1		D-5			P2			U		1	  7	  119	  2280		  2280
1		18	23		1		B-6			P1			U		0	  1	  23	  2376		  2376
1		9	24		1		B-2			P1			U		6	  37	  600	  1799		  1799
1		11	56		1		A-3			P2			U		5	  31	  504	  1895		  1895
1		12	24		1		B-5			P1			U		4	  25	  408	  1991		  1991
1		14	56		1		D-2			P2			U		3	  19	  312	  2087		  2087
1		15	24		1		C-3			P1			U		2	  13	  216	  2183		  2183
1		17	56		1		D-5			P2			U		1	  7	  120	  2279		  2279
1		18	24		1		B-6			P1			U		0	  1	  24	  2375		  2375
1		9	25		1		B-2			P1			U		6	  37	  601	  1798		  1798
1		11	57		1		A-3			P2			U		5	  31	  505	  1894		  1894
1		12	25		1		B-5			P1			U		4	  25	  409	  1990		  1990
1		14	57		1		D-2			P2			U		3	  19	  313	  2086		  2086
1		15	25		1		C-3			P1			U		2	  13	  217	  2182		  2182
1		17	57		1		D-5			P2			U		1	  7	  121	  2278		  2278
1		18	25		1		B-6			P1			U		0	  1	  25	  2374		  2374
1		9	26		1		B-2			P1			U		6	  37	  602	  1797		  1797
1		11	58		1		A-3			P2			U		5	  31	  506	  1893		  1893
1		12	26		1		B-5			P1			U		4	  25	  410	  1989		  1989
1		14	58		1		D-2			P2			U		3	  19	  314	  2085		  2085
1		15	26		1		C-3			P1			U		2	  13	  218	  2181		  2181
1		17	58		1		D-5			P2			U		1	  7	  122	  2277		  2277
1		18	26		1		B-6			P1			U		0	  1	  26	  2373		  2373
1		9	27		1		B-2			P1			U		6	  37	  603	  1796		  1796
1		11	59		1		A-3			P2			U		5	  31	  507	  1892		  1892
1		12	27		1		B-5			P1			U		4	  25	  411	  1988		  1988
1		14	59		1		D-2			P2			U		3	  19	  315	  2084		  2084
1		15	27		1		C-3			P1			U		2	  13	  219	  2180		  2180
1		17	59		1		D-5			P2			U		1	  7	  123	  2276		  2276
1		18	27		1		B-6			P1			U		0	  1	  27	  2372		  2372
1		9	28		1		B-2			P1			U		6	  37	  604	  1795		  1795
1		11	60		1		A-3			P2			U		5	  31	  508	  1891		  1891
1		12	28		1		B-5			P1			U		4	  25	  412	  1987		  1987
1		14	60		1		D-2			P2			U		3	  19	  316	  2083		  2083
1		15	28		1		C-3			P1			U		2	  13	  220	  2179		  2179
1		17	60		1		D-5			P2			U		1	  7	  124	  2275		  2275
1		18	28		1		B-6			P1			U		0	  1	  28	  2371		  2371
1		9	29		1		B-2			P1			U		6	  37	  605	  1794		  1794
1		11	61		1		A-3			P2			U		5	  31	  509	  1890		  1890
1		12	29		1		B-5			P1			U		4	  25	  413	  1986		  1986
1		14	61		1		D-2			P2			U		3	  19	  317	  2082		  2082
1		15	29		1		C-3			P1			U		2	  13	  221	  2178		  2178
1		17	61		1		D-5			P2			U		1	  7	  125	  2274		  2274
1		18	29		1		B-6			P1			U		0	  1	  29	  2370		  2370
1		9	30		1		B-2			P1			U		6	  37	  606	  1793		  1793
1		11	62		1		A-3			P2			U		5	  31	  510	  1889		  1889
1		12	30		1		B-5			P1			U		4	  25	  414	  1985		  1985
1		14	62		1		D-2			P2			U		3	  19	  318	  2081		  2081
1		15	30		1		C-3			P1			U		2	  13	  222	  2177		  2177
1		17	62		1		D-5			P2			U		1	  7	  126	  2273		  2273
1		18	30		1		B-6			P1			U		0	  1	  30	  2369		  2369
1		9	31		1		B-2			P1			U		6	  37	  607	  1792		  1792
1		11	63		1		A-3			P2			U		5	  31	  511	  1888		  1888
1		12	31		1		B-5			P1			U		4	  25	  415	  1984		  1984
1		14	63		1		D-2			P2			U		3	  19	  319	  2080		  2080
1		15	31		1		C-3			P1			U		2	  13	  223	  2176		  2176
1		17	63		1		D-5			P2			U		1	  7	  127	  2272		  2272
1		18	31		1		B-6			P1			U		0	  1	  31	  2368		  2368
1		9	32		1		A-1			P2			U		6	  38	  608	  1791		  1791
1		10	0		1		B-3			P1			U		5	  32	  512	  1887		  1887
1		12	32		1		A-4			P2			U		4	  26	  416	  1983		  1983
1		13	0		1		C-1			P1			U		3	  20	  320	  2079		  2079
1		15	32		1		D-3			P2			U		2	  14	  224	  2175		  2175
1		16	0		1		C-4			P1			U		1	  8	  128	  2271		  2271
1		18	32		1		A-6			P2			U		0	  2	  32	  2367		  2367
1		9	33		1		A-1			P2			U		6	  38	  609	  1790		  1790
1		10	1		1		B-3			P1			U		5	  32	  513	  1886		  1886
1		12	33		1		A-4			P2			U		4	  26	  417	  1982		  1982
1		13	1		1		C-1			P1			U		3	  20	  321	  2078		  2078
1		15	33		1		D-3			P2			U		2	  14	  225	  2174		  2174
1		16	1		1		C-4			P1			U		1	  8	  129	  2270		  2270
1		18	33		1		A-6			P2			U		0	  2	  33	  2366		  2366
1		9	34		1		A-1			P2			U		6	  38	  610	  1789		  1789
1		10	2		1		B-3			P1			U		5	  32	  514	  1885		  1885
1		12	34		1		A-4			P2			U		4	  26	  418	  1981		  1981
1		13	2		1		C-1			P1			U		3	  20	  322	  2077		  2077
1		15	34		1		D-3			P2			U		2	  14	  226	  2173		  2173
1		16	2		1		C-4			P1			U		1	  8	  130	  2269		  2269
1		18	34		1		A-6			P2			U		0	  2	  34	  2365		  2365
1		9	35		1		A-1			P2			U		6	  38	  611	  1788		  1788
1		10	3		1		B-3			P1			U		5	  32	  515	  1884		  1884
1		12	35		1		A-4			P2			U		4	  26	  419	  1980		  1980
1		13	3		1		C-1			P1			U		3	  20	  323	  2076		  2076
1		15	35		1		D-3			P2			U		2	  14	  227	  2172		  2172
1		16	3		1		C-4			P1			U		1	  8	  131	  2268		  2268
1		18	35		1		A-6			P2			U		0	  2	  35	  2364		  2364
1		9	36		1		A-1			P2			U		6	  38	  612	  1787		  1787
1		10	4		1		B-3			P1			U		5	  32	  516	  1883		  1883
1		12	36		1		A-4			P2			U		4	  26	  420	  1979		  1979
1		13	4		1		C-1			P1			U		3	  20	  324	  2075		  2075
1		15	36		1		D-3			P2			U		2	  14	  228	  2171		  2171
1		16	4		1		C-4			P1			U		1	  8	  132	  2267		  2267
1		18	36		1		A-6			P2			U		0	  2	  36	  2363		  2363
1		9	37		1		A-1			P2			U		6	  38	  613	  1786		  1786
1		10	5		1		B-3			P1			U		5	  32	  517	  1882		  1882
1		12	37		1		A-4			P2			U		4	  26	  421	  1978		  1978
1		13	5		1		C-1			P1			U		3	  20	  325	  2074		  2074
1		15	37		1		D-3			P2			U		2	  14	  229	  2170		  2170
1		16	5		1		C-4			P1			U		1	  8	  133	  2266		  2266
1		18	37		1		A-6			P2			U		0	  2	  37	  2362		  2362
1		9	38		1		A-1			P2			U		6	  38	  614	  1785		  1785
1		10	6		1		B-3			P1			U		5	  32	  518	  1881		  1881
1		12	38		1		A-4			P2			U		4	  26	  422	  1977		  1977
1		13	6		1		C-1			P1			U		3	  20	  326	  2073		  2073
1		15	38		1		D-3			P2			U		2	  14	  230	  2169		  2169
1		16	6		1		C-4			P1			U		1	  8	  134	  2265		  2265
1		18	38		1		A-6			P2			U		0	  2	  38	  2361		  2361
1		9	39		1		A-1			P2			U		6	  38	  615	  1784		  1784
1		10	7		1		B-3			P1			U		5	  32	  519	  1880		  1880
1		12	39		1		A-4			P2			U		4	  26	  423	  1976		  1976
1		13	7		1		C-1			P1			U		3	  20	  327	  2072		  2072
1		15	39		1		D-3			P2			U		2	  14	  231	  2168		  2168
1		16	7		1		C-4			P1			U		1	  8	  135	  2264		  2264
1		18	39		1		A-6			P2			U		0	  2	  39	  2360		  2360
1		9	40		1		A-1			P2			U		6	  38	  616	  1783		  1783
1		10	8		1		B-3			P1			U		5	  32	  520	  1879		  1879
1		12	40		1		A-4			P2			U		4	  26	  424	  1975		  1975
1		13	8		1		C-1			P1			U		3	  20	  328	  2071		  2071
1		15	40		1		D-3			P2			U		2	  14	  232	  2167		  2167
1		16	8		1		C-4			P1			U		1	  8	  136	  2263		  2263
1		18	40		1		A-6			P2			U		0	  2	  40	  2359		  2359
1		9	41		1		A-1			P2			U		6	  38	  617	  1782		  1782
1		10	9		1		B-3			P1			U		5	  32	  521	  1878		  1878
1		12	41		1		A-4			P2			U		4	  26	  425	  1974		  1974
1		13	9		1		C-1			P1			U		3	  20	  329	  2070		  2070
1		15	41		1		D-3			P2			U		2	  14	  233	  2166		  2166
1		16	9		1		C-4			P1			U		1	  8	  137	  2262		  2262
1		18	41		1		A-6			P2			U		0	  2	  41	  2358		  2358
1		9	42		1		A-1			P2			U		6	  38	  618	  1781		  1781
1		10	10		1		B-3			P1			U		5	  32	  522	  1877		  1877
1		12	42		1		A-4			P2			U		4	  26	  426	  1973		  1973
1		13	10		1		C-1			P1			U		3	  20	  330	  2069		  2069
1		15	42		1		D-3			P2			U		2	  14	  234	  2165		  2165
1		16	10		1		C-4			P1			U		1	  8	  138	  2261		  2261
1		18	42		1		A-6			P2			U		0	  2	  42	  2357		  2357
1		9	43		1		A-1			P2			U		6	  38	  619	  1780		  1780
1		10	11		1		B-3			P1			U		5	  32	  523	  1876		  1876
1		12	43		1		A-4			P2			U		4	  26	  427	  1972		  1972
1		13	11		1		C-1			P1			U		3	  20	  331	  2068		  2068
1		15	43		1		D-3			P2			U		2	  14	  235	  2164		  2164
1		16	11		1		C-4			P1			U		1	  8	  139	  2260		  2260
1		18	43		1		A-6			P2			U		0	  2	  43	  2356		  2356
1		9	44		1		A-1			P2			U		6	  38	  620	  1779		  1779
1		10	12		1		B-3			P1			U		5	  32	  524	  1875		  1875
1		12	44		1		A-4			P2			U		4	  26	  428	  1971		  1971
1		13	12		1		C-1			P1			U		3	  20	  332	  2067		  2067
1		15	44		1		D-3			P2			U		2	  14	  236	  2163		  2163
1		16	12		1		C-4			P1			U		1	  8	  140	  2259		  2259
1		18	44		1		A-6			P2			U		0	  2	  44	  2355		  2355
1		9	45		1		A-1			P2			U		6	  38	  621	  1778		  1778
1		10	13		1		B-3			P1			U		5	  32	  525	  1874		  1874
1		12	45		1		A-4			P2			U		4	  26	  429	  1970		  1970
1		13	13		1		C-1			P1			U		3	  20	  333	  2066		  2066
1		15	45		1		D-3			P2			U		2	  14	  237	  2162		  2162
1		16	13		1		C-4			P1			U		1	  8	  141	  2258		  2258
1		18	45		1		A-6			P2			U		0	  2	  45	  2354		  2354
1		9	46		1		A-1			P2			U		6	  38	  622	  1777		  1777
1		10	14		1		B-3			P1			U		5	  32	  526	  1873		  1873
1		12	46		1		A-4			P2			U		4	  26	  430	  1969		  1969
1		13	14		1		C-1			P1			U		3	  20	  334	  2065		  2065
1		15	46		1		D-3			P2			U		2	  14	  238	  2161		  2161
1		16	14		1		C-4			P1			U		1	  8	  142	  2257		  2257
1		18	46		1		A-6			P2			U		0	  2	  46	  2353		  2353
1		9	47		1		A-1			P2			U		6	  38	  623	  1776		  1776
1		10	15		1		B-3			P1			U		5	  32	  527	  1872		  1872
1		12	47		1		A-4			P2			U		4	  26	  431	  1968		  1968
1		13	15		1		C-1			P1			U		3	  20	  335	  2064		  2064
1		15	47		1		D-3			P2			U		2	  14	  239	  2160		  2160
1		16	15		1		C-4			P1			U		1	  8	  143	  2256		  2256
1		18	47		1		A-6			P2			U		0	  2	  47	  2352		  2352
1		9	48		1		A-1			P2			U		6	  39	  624	  1775		  1775
1		10	16		1		B-3			P1			U		5	  33	  528	  1871		  1871
1		12	48		1		A-4			P2			U		4	  27	  432	  1967		  1967
1		13	16		1		C-1			P1			U		3	  21	  336	  2063		  2063
1		15	48		1		D-3			P2			U		2	  15	  240	  2159		  2159
1		16	16		1		C-4			P1			U		1	  9	  144	  2255		  2255
1		18	48		1		A-6			P2			U		0	  3	  48	  2351		  2351
1		9	49		1		A-1			P2			U		6	  39	  625	  1774		  1774
1		10	17		1		B-3			P1			U		5	  33	  529	  1870		  1870
1		12	49		1		A-4			P2			U		4	  27	  433	  1966		  1966
1		13	17		1		C-1			P1			U		3	  21	  337	  2062		  2062
1		15	49		1		D-3			P2			U		2	  15	  241	  2158		  2158
1		16	17		1		C-4			P1			U		1	  9	  145	  2254		  2254
1		18	49		1		A-6			P2			U		0	  3	  49	  2350		  2350
1		9	50		1		A-1			P2			U		6	  39	  626	  1773		  1773
1		10	18		1		B-3			P1			U		5	  33	  530	  1869		  1869
1		12	50		1		A-4			P2			U		4	  27	  434	  1965		  1965
1		13	18		1		C-1			P1			U		3	  21	  338	  2061		  2061
1		15	50		1		D-3			P2			U		2	  15	  242	  2157		  2157
1		16	18		1		C-4			P1			U		1	  9	  146	  2253		  2253
1		18	50		1		A-6			P2			U		0	  3	  50	  2349		  2349
1		9	51		1		A-1			P2			U		6	  39	  627	  1772		  1772
1		10	19		1		B-3			P1			U		5	  33	  531	  1868		  1868
1		12	51		1		A-4			P2			U		4	  27	  435	  1964		  1964
1		13	19		1		C-1			P1			U		3	  21	  339	  2060		  2060
1		15	51		1		D-3			P2			U		2	  15	  243	  2156		  2156
1		16	19		1		C-4			P1			U		1	  9	  147	  2252		  2252
1		18	51		1		A-6			P2			U		0	  3	  51	  2348		  2348
1		9	52		1		A-1			P2			U		6	  39	  628	  1771		  1771
1		10	20		1		B-3			P1			U		5	  33	  532	  1867		  1867
1		12	52		1		A-4			P2			U		4	  27	  436	  1963		  1963
1		13	20		1		C-1			P1			U		3	  21	  340	  2059		  2059
1		15	52		1		D-3			P2			U		2	  15	  244	  2155		  2155
1		16	20		1		C-4			P1			U		1	  9	  148	  2251		  2251
1		18	52		1		A-6			P2			U		0	  3	  52	  2347		  2347
1		9	53		1		A-1			P2			U		6	  39	  629	  1770		  1770
1		10	21		1		B-3			P1			U		5	  33	  533	  1866		  1866
1		12	53		1		A-4			P2			U		4	  27	  437	  1962		  1962
1		13	21		1		C-1			P1			U		3	  21	  341	  2058		  2058
1		15	53		1		D-3			P2			U		2	  15	  245	  2154		  2154
1		16	21		1		C-4			P1			U		1	  9	  149	  2250		  2250
1		18	53		1		A-6			P2			U		0	  3	  53	  2346		  2346
1		9	54		1		A-1			P2			U		6	  39	  630	  1769		  1769
1		10	22		1		B-3			P1			U		5	  33	  534	  1865		  1865
1		12	54		1		A-4			P2			U		4	  27	  438	  1961		  1961
1		13	22		1		C-1			P1			U		3	  21	  342	  2057		  2057
1		15	54		1		D-3			P2			U		2	  15	  246	  2153		  2153
1		16	22		1		C-4			P1			U		1	  9	  150	  2249		  2249
1		18	54		1		A-6			P2			U		0	  3	  54	  2345		  2345
1		9	55		1		A-1			P2			U		6	  39	  631	  1768		  1768
1		10	23		1		B-3			P1			U		5	  33	  535	  1864		  1864
1		12	55		1		A-4			P2			U		4	  27	  439	  1960		  1960
1		13	23		1		C-1			P1			U		3	  21	  343	  2056		  2056
1		15	55		1		D-3			P2			U		2	  15	  247	  2152		  2152
1		16	23		1		C-4			P1			U		1	  9	  151	  2248		  2248
1		18	55		1		A-6			P2			U		0	  3	  55	  2344		  2344
1		9	56		1		A-1			P2			U		6	  39	  632	  1767		  1767
1		10	24		1		B-3			P1			U		5	  33	  536	  1863		  1863
1		12	56		1		A-4			P2			U		4	  27	  440	  1959		  1959
1		13	24		1		C-1			P1			U		3	  21	  344	  2055		  2055
1		15	56		1		D-3			P2			U		2	  15	  248	  2151		  2151
1		16	24		1		C-4			P1			U		1	  9	  152	  2247		  2247
1		18	56		1		A-6			P2			U		0	  3	  56	  2343		  2343
1		9	57		1		A-1			P2			U		6	  39	  633	  1766		  1766
1		10	25		1		B-3			P1			U		5	  33	  537	  1862		  1862
1		12	57		1		A-4			P2			U		4	  27	  441	  1958		  1958
1		13	25		1		C-1			P1			U		3	  21	  345	  2054		  2054
1		15	57		1		D-3			P2			U		2	  15	  249	  2150		  2150
1		16	25		1		C-4			P1			U		1	  9	  153	  2246		  2246
1		18	57		1		A-6			P2			U		0	  3	  57	  2342		  2342
1		9	58		1		A-1			P2			U		6	  39	  634	  1765		  1765
1		10	26		1		B-3			P1			U		5	  33	  538	  1861		  1861
1		12	58		1		A-4			P2			U		4	  27	  442	  1957		  1957
1		13	26		1		C-1			P1			U		3	  21	  346	  2053		  2053
1		15	58		1		D-3			P2			U		2	  15	  250	  2149		  2149
1		16	26		1		C-4			P1			U		1	  9	  154	  2245		  2245
1		18	58		1		A-6			P2			U		0	  3	  58	  2341		  2341
1		9	59		1		A-1			P2			U		6	  39	  635	  1764		  1764
1		10	27		1		B-3			P1			U		5	  33	  539	  1860		  1860
1		12	59		1		A-4			P2			U		4	  27	  443	  1956		  1956
1		13	27		1		C-1			P1			U		3	  21	  347	  2052		  2052
1		15	59		1		D-3			P2			U		2	  15	  251	  2148		  2148
1		16	27		1		C-4			P1			U		1	  9	  155	  2244		  2244
1		18	59		1		A-6			P2			U		0	  3	  59	  2340		  2340
1		9	60		1		A-1			P2			U		6	  39	  636	  1763		  1763
1		10	28		1		B-3			P1			U		5	  33	  540	  1859		  1859
1		12	60		1		A-4			P2			U		4	  27	  444	  1955		  1955
1		13	28		1		C-1			P1			U		3	  21	  348	  2051		  2051
1		15	60		1		D-3			P2			U		2	  15	  252	  2147		  2147
1		16	28		1		C-4			P1			U		1	  9	  156	  2243		  2243
1		18	60		1		A-6			P2			U		0	  3	  60	  2339		  2339
1		9	61		1		A-1			P2			U		6	  39	  637	  1762		  1762
1		10	29		1		B-3			P1			U		5	  33	  541	  1858		  1858
1		12	61		1		A-4			P2			U		4	  27	  445	  1954		  1954
1		13	29		1		C-1			P1			U		3	  21	  349	  2050		  2050
1		15	61		1		D-3			P2			U		2	  15	  253	  2146		  2146
1		16	29		1		C-4			P1			U		1	  9	  157	  2242		  2242
1		18	61		1		A-6			P2			U		0	  3	  61	  2338		  2338
1		9	62		1		A-1			P2			U		6	  39	  638	  1761		  1761
1		10	30		1		B-3			P1			U		5	  33	  542	  1857		  1857
1		12	62		1		A-4			P2			U		4	  27	  446	  1953		  1953
1		13	30		1		C-1			P1			U		3	  21	  350	  2049		  2049
1		15	62		1		D-3			P2			U		2	  15	  254	  2145		  2145
1		16	30		1		C-4			P1			U		1	  9	  158	  2241		  2241
1		18	62		1		A-6			P2			U		0	  3	  62	  2337		  2337
1		9	63		1		A-1			P2			U		6	  39	  639	  1760		  1760
1		10	31		1		B-3			P1			U		5	  33	  543	  1856		  1856
1		12	63		1		A-4			P2			U		4	  27	  447	  1952		  1952
1		13	31		1		C-1			P1			U		3	  21	  351	  2048		  2048
1		15	63		1		D-3			P2			U		2	  15	  255	  2144		  2144
1		16	31		1		C-4			P1			U		1	  9	  159	  2240		  2240
1		18	63		1		A-6			P2			U		0	  3	  63	  2336		  2336
1		8	0		1		B-1			P1			U		6	  40	  640	  1759		  1759
1		10	32		1		A-2			P2			U		5	  34	  544	  1855		  1855
1		11	0		1		B-4			P1			U		4	  28	  448	  1951		  1951
1		13	32		1		D-1			P2			U		3	  22	  352	  2047		  2047
1		14	0		1		C-2			P1			U		2	  16	  256	  2143		  2143
1		16	32		1		D-4			P2			U		1	  10	  160	  2239		  2239
1		17	0		1		A-5			P1			U		0	  4	  64	  2335		  2335
1		8	1		1		B-1			P1			U		6	  40	  641	  1758		  1758
1		10	33		1		A-2			P2			U		5	  34	  545	  1854		  1854
1		11	1		1		B-4			P1			U		4	  28	  449	  1950		  1950
1		13	33		1		D-1			P2			U		3	  22	  353	  2046		  2046
1		14	1		1		C-2			P1			U		2	  16	  257	  2142		  2142
1		16	33		1		D-4			P2			U		1	  10	  161	  2238		  2238
1		17	1		1		A-5			P1			U		0	  4	  65	  2334		  2334
1		8	2		1		B-1			P1			U		6	  40	  642	  1757		  1757
1		10	34		1		A-2			P2			U		5	  34	  546	  1853		  1853
1		11	2		1		B-4			P1			U		4	  28	  450	  1949		  1949
1		13	34		1		D-1			P2			U		3	  22	  354	  2045		  2045
1		14	2		1		C-2			P1			U		2	  16	  258	  2141		  2141
1		16	34		1		D-4			P2			U		1	  10	  162	  2237		  2237
1		17	2		1		A-5			P1			U		0	  4	  66	  2333		  2333
1		8	3		1		B-1			P1			U		6	  40	  643	  1756		  1756
1		10	35		1		A-2			P2			U		5	  34	  547	  1852		  1852
1		11	3		1		B-4			P1			U		4	  28	  451	  1948		  1948
1		13	35		1		D-1			P2			U		3	  22	  355	  2044		  2044
1		14	3		1		C-2			P1			U		2	  16	  259	  2140		  2140
1		16	35		1		D-4			P2			U		1	  10	  163	  2236		  2236
1		17	3		1		A-5			P1			U		0	  4	  67	  2332		  2332
1		8	4		1		B-1			P1			U		6	  40	  644	  1755		  1755
1		10	36		1		A-2			P2			U		5	  34	  548	  1851		  1851
1		11	4		1		B-4			P1			U		4	  28	  452	  1947		  1947
1		13	36		1		D-1			P2			U		3	  22	  356	  2043		  2043
1		14	4		1		C-2			P1			U		2	  16	  260	  2139		  2139
1		16	36		1		D-4			P2			U		1	  10	  164	  2235		  2235
1		17	4		1		A-5			P1			U		0	  4	  68	  2331		  2331
1		8	5		1		B-1			P1			U		6	  40	  645	  1754		  1754
1		10	37		1		A-2			P2			U		5	  34	  549	  1850		  1850
1		11	5		1		B-4			P1			U		4	  28	  453	  1946		  1946
1		13	37		1		D-1			P2			U		3	  22	  357	  2042		  2042
1		14	5		1		C-2			P1			U		2	  16	  261	  2138		  2138
1		16	37		1		D-4			P2			U		1	  10	  165	  2234		  2234
1		17	5		1		A-5			P1			U		0	  4	  69	  2330		  2330
1		8	6		1		B-1			P1			U		6	  40	  646	  1753		  1753
1		10	38		1		A-2			P2			U		5	  34	  550	  1849		  1849
1		11	6		1		B-4			P1			U		4	  28	  454	  1945		  1945
1		13	38		1		D-1			P2			U		3	  22	  358	  2041		  2041
1		14	6		1		C-2			P1			U		2	  16	  262	  2137		  2137
1		16	38		1		D-4			P2			U		1	  10	  166	  2233		  2233
1		17	6		1		A-5			P1			U		0	  4	  70	  2329		  2329
1		8	7		1		B-1			P1			U		6	  40	  647	  1752		  1752
1		10	39		1		A-2			P2			U		5	  34	  551	  1848		  1848
1		11	7		1		B-4			P1			U		4	  28	  455	  1944		  1944
1		13	39		1		D-1			P2			U		3	  22	  359	  2040		  2040
1		14	7		1		C-2			P1			U		2	  16	  263	  2136		  2136
1		16	39		1		D-4			P2			U		1	  10	  167	  2232		  2232
1		17	7		1		A-5			P1			U		0	  4	  71	  2328		  2328
1		8	8		1		B-1			P1			U		6	  40	  648	  1751		  1751
1		10	40		1		A-2			P2			U		5	  34	  552	  1847		  1847
1		11	8		1		B-4			P1			U		4	  28	  456	  1943		  1943
1		13	40		1		D-1			P2			U		3	  22	  360	  2039		  2039
1		14	8		1		C-2			P1			U		2	  16	  264	  2135		  2135
1		16	40		1		D-4			P2			U		1	  10	  168	  2231		  2231
1		17	8		1		A-5			P1			U		0	  4	  72	  2327		  2327
1		8	9		1		B-1			P1			U		6	  40	  649	  1750		  1750
1		10	41		1		A-2			P2			U		5	  34	  553	  1846		  1846
1		11	9		1		B-4			P1			U		4	  28	  457	  1942		  1942
1		13	41		1		D-1			P2			U		3	  22	  361	  2038		  2038
1		14	9		1		C-2			P1			U		2	  16	  265	  2134		  2134
1		16	41		1		D-4			P2			U		1	  10	  169	  2230		  2230
1		17	9		1		A-5			P1			U		0	  4	  73	  2326		  2326
1		8	10		1		B-1			P1			U		6	  40	  650	  1749		  1749
1		10	42		1		A-2			P2			U		5	  34	  554	  1845		  1845
1		11	10		1		B-4			P1			U		4	  28	  458	  1941		  1941
1		13	42		1		D-1			P2			U		3	  22	  362	  2037		  2037
1		14	10		1		C-2			P1			U		2	  16	  266	  2133		  2133
1		16	42		1		D-4			P2			U		1	  10	  170	  2229		  2229
1		17	10		1		A-5			P1			U		0	  4	  74	  2325		  2325
1		8	11		1		B-1			P1			U		6	  40	  651	  1748		  1748
1		10	43		1		A-2			P2			U		5	  34	  555	  1844		  1844
1		11	11		1		B-4			P1			U		4	  28	  459	  1940		  1940
1		13	43		1		D-1			P2			U		3	  22	  363	  2036		  2036
1		14	11		1		C-2			P1			U		2	  16	  267	  2132		  2132
1		16	43		1		D-4			P2			U		1	  10	  171	  2228		  2228
1		17	11		1		A-5			P1			U		0	  4	  75	  2324		  2324
1		8	12		1		B-1			P1			U		6	  40	  652	  1747		  1747
1		10	44		1		A-2			P2			U		5	  34	  556	  1843		  1843
1		11	12		1		B-4			P1			U		4	  28	  460	  1939		  1939
1		13	44		1		D-1			P2			U		3	  22	  364	  2035		  2035
1		14	12		1		C-2			P1			U		2	  16	  268	  2131		  2131
1		16	44		1		D-4			P2			U		1	  10	  172	  2227		  2227
1		17	12		1		A-5			P1			U		0	  4	  76	  2323		  2323
1		8	13		1		B-1			P1			U		6	  40	  653	  1746		  1746
1		10	45		1		A-2			P2			U		5	  34	  557	  1842		  1842
1		11	13		1		B-4			P1			U		4	  28	  461	  1938		  1938
1		13	45		1		D-1			P2			U		3	  22	  365	  2034		  2034
1		14	13		1		C-2			P1			U		2	  16	  269	  2130		  2130
1		16	45		1		D-4			P2			U		1	  10	  173	  2226		  2226
1		17	13		1		A-5			P1			U		0	  4	  77	  2322		  2322
1		8	14		1		B-1			P1			U		6	  40	  654	  1745		  1745
1		10	46		1		A-2			P2			U		5	  34	  558	  1841		  1841
1		11	14		1		B-4			P1			U		4	  28	  462	  1937		  1937
1		13	46		1		D-1			P2			U		3	  22	  366	  2033		  2033
1		14	14		1		C-2			P1			U		2	  16	  270	  2129		  2129
1		16	46		1		D-4			P2			U		1	  10	  174	  2225		  2225
1		17	14		1		A-5			P1			U		0	  4	  78	  2321		  2321
1		8	15		1		B-1			P1			U		6	  40	  655	  1744		  1744
1		10	47		1		A-2			P2			U		5	  34	  559	  1840		  1840
1		11	15		1		B-4			P1			U		4	  28	  463	  1936		  1936
1		13	47		1		D-1			P2			U		3	  22	  367	  2032		  2032
1		14	15		1		C-2			P1			U		2	  16	  271	  2128		  2128
1		16	47		1		D-4			P2			U		1	  10	  175	  2224		  2224
1		17	15		1		A-5			P1			U		0	  4	  79	  2320		  2320
1		8	16		1		B-1			P1			U		6	  41	  656	  1743		  1743
1		10	48		1		A-2			P2			U		5	  35	  560	  1839		  1839
1		11	16		1		B-4			P1			U		4	  29	  464	  1935		  1935
1		13	48		1		D-1			P2			U		3	  23	  368	  2031		  2031
1		14	16		1		C-2			P1			U		2	  17	  272	  2127		  2127
1		16	48		1		D-4			P2			U		1	  11	  176	  2223		  2223
1		17	16		1		A-5			P1			U		0	  5	  80	  2319		  2319
1		8	17		1		B-1			P1			U		6	  41	  657	  1742		  1742
1		10	49		1		A-2			P2			U		5	  35	  561	  1838		  1838
1		11	17		1		B-4			P1			U		4	  29	  465	  1934		  1934
1		13	49		1		D-1			P2			U		3	  23	  369	  2030		  2030
1		14	17		1		C-2			P1			U		2	  17	  273	  2126		  2126
1		16	49		1		D-4			P2			U		1	  11	  177	  2222		  2222
1		17	17		1		A-5			P1			U		0	  5	  81	  2318		  2318
1		8	18		1		B-1			P1			U		6	  41	  658	  1741		  1741
1		10	50		1		A-2			P2			U		5	  35	  562	  1837		  1837
1		11	18		1		B-4			P1			U		4	  29	  466	  1933		  1933
1		13	50		1		D-1			P2			U		3	  23	  370	  2029		  2029
1		14	18		1		C-2			P1			U		2	  17	  274	  2125		  2125
1		16	50		1		D-4			P2			U		1	  11	  178	  2221		  2221
1		17	18		1		A-5			P1			U		0	  5	  82	  2317		  2317
1		8	19		1		B-1			P1			U		6	  41	  659	  1740		  1740
1		10	51		1		A-2			P2			U		5	  35	  563	  1836		  1836
1		11	19		1		B-4			P1			U		4	  29	  467	  1932		  1932
1		13	51		1		D-1			P2			U		3	  23	  371	  2028		  2028
1		14	19		1		C-2			P1			U		2	  17	  275	  2124		  2124
1		16	51		1		D-4			P2			U		1	  11	  179	  2220		  2220
1		17	19		1		A-5			P1			U		0	  5	  83	  2316		  2316
1		8	20		1		B-1			P1			U		6	  41	  660	  1739		  1739
1		10	52		1		A-2			P2			U		5	  35	  564	  1835		  1835
1		11	20		1		B-4			P1			U		4	  29	  468	  1931		  1931
1		13	52		1		D-1			P2			U		3	  23	  372	  2027		  2027
1		14	20		1		C-2			P1			U		2	  17	  276	  2123		  2123
1		16	52		1		D-4			P2			U		1	  11	  180	  2219		  2219
1		17	20		1		A-5			P1			U		0	  5	  84	  2315		  2315
1		8	21		1		B-1			P1			U		6	  41	  661	  1738		  1738
1		10	53		1		A-2			P2			U		5	  35	  565	  1834		  1834
1		11	21		1		B-4			P1			U		4	  29	  469	  1930		  1930
1		13	53		1		D-1			P2			U		3	  23	  373	  2026		  2026
1		14	21		1		C-2			P1			U		2	  17	  277	  2122		  2122
1		16	53		1		D-4			P2			U		1	  11	  181	  2218		  2218
1		17	21		1		A-5			P1			U		0	  5	  85	  2314		  2314
1		8	22		1		B-1			P1			U		6	  41	  662	  1737		  1737
1		10	54		1		A-2			P2			U		5	  35	  566	  1833		  1833
1		11	22		1		B-4			P1			U		4	  29	  470	  1929		  1929
1		13	54		1		D-1			P2			U		3	  23	  374	  2025		  2025
1		14	22		1		C-2			P1			U		2	  17	  278	  2121		  2121
1		16	54		1		D-4			P2			U		1	  11	  182	  2217		  2217
1		17	22		1		A-5			P1			U		0	  5	  86	  2313		  2313
1		8	23		1		B-1			P1			U		6	  41	  663	  1736		  1736
1		10	55		1		A-2			P2			U		5	  35	  567	  1832		  1832
1		11	23		1		B-4			P1			U		4	  29	  471	  1928		  1928
1		13	55		1		D-1			P2			U		3	  23	  375	  2024		  2024
1		14	23		1		C-2			P1			U		2	  17	  279	  2120		  2120
1		16	55		1		D-4			P2			U		1	  11	  183	  2216		  2216
1		17	23		1		A-5			P1			U		0	  5	  87	  2312		  2312
1		8	24		1		B-1			P1			U		6	  41	  664	  1735		  1735
1		10	56		1		A-2			P2			U		5	  35	  568	  1831		  1831
1		11	24		1		B-4			P1			U		4	  29	  472	  1927		  1927
1		13	56		1		D-1			P2			U		3	  23	  376	  2023		  2023
1		14	24		1		C-2			P1			U		2	  17	  280	  2119		  2119
1		16	56		1		D-4			P2			U		1	  11	  184	  2215		  2215
1		17	24		1		A-5			P1			U		0	  5	  88	  2311		  2311
1		8	25		1		B-1			P1			U		6	  41	  665	  1734		  1734
1		10	57		1		A-2			P2			U		5	  35	  569	  1830		  1830
1		11	25		1		B-4			P1			U		4	  29	  473	  1926		  1926
1		13	57		1		D-1			P2			U		3	  23	  377	  2022		  2022
1		14	25		1		C-2			P1			U		2	  17	  281	  2118		  2118
1		16	57		1		D-4			P2			U		1	  11	  185	  2214		  2214
1		17	25		1		A-5			P1			U		0	  5	  89	  2310		  2310
1		8	26		1		B-1			P1			U		6	  41	  666	  1733		  1733
1		10	58		1		A-2			P2			U		5	  35	  570	  1829		  1829
1		11	26		1		B-4			P1			U		4	  29	  474	  1925		  1925
1		13	58		1		D-1			P2			U		3	  23	  378	  2021		  2021
1		14	26		1		C-2			P1			U		2	  17	  282	  2117		  2117
1		16	58		1		D-4			P2			U		1	  11	  186	  2213		  2213
1		17	26		1		A-5			P1			U		0	  5	  90	  2309		  2309
1		8	27		1		B-1			P1			U		6	  41	  667	  1732		  1732
1		10	59		1		A-2			P2			U		5	  35	  571	  1828		  1828
1		11	27		1		B-4			P1			U		4	  29	  475	  1924		  1924
1		13	59		1		D-1			P2			U		3	  23	  379	  2020		  2020
1		14	27		1		C-2			P1			U		2	  17	  283	  2116		  2116
1		16	59		1		D-4			P2			U		1	  11	  187	  2212		  2212
1		17	27		1		A-5			P1			U		0	  5	  91	  2308		  2308
1		8	28		1		B-1			P1			U		6	  41	  668	  1731		  1731
1		10	60		1		A-2			P2			U		5	  35	  572	  1827		  1827
1		11	28		1		B-4			P1			U		4	  29	  476	  1923		  1923
1		13	60		1		D-1			P2			U		3	  23	  380	  2019		  2019
1		14	28		1		C-2			P1			U		2	  17	  284	  2115		  2115
1		16	60		1		D-4			P2			U		1	  11	  188	  2211		  2211
1		17	28		1		A-5			P1			U		0	  5	  92	  2307		  2307
1		8	29		1		B-1			P1			U		6	  41	  669	  1730		  1730
1		10	61		1		A-2			P2			U		5	  35	  573	  1826		  1826
1		11	29		1		B-4			P1			U		4	  29	  477	  1922		  1922
1		13	61		1		D-1			P2			U		3	  23	  381	  2018		  2018
1		14	29		1		C-2			P1			U		2	  17	  285	  2114		  2114
1		16	61		1		D-4			P2			U		1	  11	  189	  2210		  2210
1		17	29		1		A-5			P1			U		0	  5	  93	  2306		  2306
1		8	30		1		B-1			P1			U		6	  41	  670	  1729		  1729
1		10	62		1		A-2			P2			U		5	  35	  574	  1825		  1825
1		11	30		1		B-4			P1			U		4	  29	  478	  1921		  1921
1		13	62		1		D-1			P2			U		3	  23	  382	  2017		  2017
1		14	30		1		C-2			P1			U		2	  17	  286	  2113		  2113
1		16	62		1		D-4			P2			U		1	  11	  190	  2209		  2209
1		17	30		1		A-5			P1			U		0	  5	  94	  2305		  2305
1		8	31		1		B-1			P1			U		6	  41	  671	  1728		  1728
1		10	63		1		A-2			P2			U		5	  35	  575	  1824		  1824
1		11	31		1		B-4			P1			U		4	  29	  479	  1920		  1920
1		13	63		1		D-1			P2			U		3	  23	  383	  2016		  2016
1		14	31		1		C-2			P1			U		2	  17	  287	  2112		  2112
1		16	63		1		D-4			P2			U		1	  11	  191	  2208		  2208
1		17	31		1		A-5			P1			U		0	  5	  95	  2304		  2304
