crate_id	slot	fem_channel	feedthru	faraday_cage_connector	adcreceiver_topbot	wireplane	mboard_id asic_id wirenum larsoft_channel larsoft_wirenum
2		6	32		3		A-1			P2			Y		11	  90	  384	  7871		  3071
2		9	32		2		C-4			P2			Y		10	  78	  288	  7967		  3167
2		12	32		2		C-1			P2			Y		9	  66	  192	  8063		  3263
2		15	32		2		A-4			P2			Y		8	  54	  96	  8159		  3359
2		18	32		2		A-1			P2			Y		7	  42	  0	  8255		  3455
2		6	33		3		A-1			P2			Y		11	  90	  385	  7870		  3070
2		9	33		2		C-4			P2			Y		10	  78	  289	  7966		  3166
2		12	33		2		C-1			P2			Y		9	  66	  193	  8062		  3262
2		15	33		2		A-4			P2			Y		8	  54	  97	  8158		  3358
2		18	33		2		A-1			P2			Y		7	  42	  1	  8254		  3454
2		6	34		3		A-1			P2			Y		11	  90	  386	  7869		  3069
2		9	34		2		C-4			P2			Y		10	  78	  290	  7965		  3165
2		12	34		2		C-1			P2			Y		9	  66	  194	  8061		  3261
2		15	34		2		A-4			P2			Y		8	  54	  98	  8157		  3357
2		18	34		2		A-1			P2			Y		7	  42	  2	  8253		  3453
2		6	35		3		A-1			P2			Y		11	  90	  387	  7868		  3068
2		9	35		2		C-4			P2			Y		10	  78	  291	  7964		  3164
2		12	35		2		C-1			P2			Y		9	  66	  195	  8060		  3260
2		15	35		2		A-4			P2			Y		8	  54	  99	  8156		  3356
2		18	35		2		A-1			P2			Y		7	  42	  3	  8252		  3452
2		6	36		3		A-1			P2			Y		11	  90	  388	  7867		  3067
2		9	36		2		C-4			P2			Y		10	  78	  292	  7963		  3163
2		12	36		2		C-1			P2			Y		9	  66	  196	  8059		  3259
2		15	36		2		A-4			P2			Y		8	  54	  100	  8155		  3355
2		18	36		2		A-1			P2			Y		7	  42	  4	  8251		  3451
2		6	37		3		A-1			P2			Y		11	  90	  389	  7866		  3066
2		9	37		2		C-4			P2			Y		10	  78	  293	  7962		  3162
2		12	37		2		C-1			P2			Y		9	  66	  197	  8058		  3258
2		15	37		2		A-4			P2			Y		8	  54	  101	  8154		  3354
2		18	37		2		A-1			P2			Y		7	  42	  5	  8250		  3450
2		6	38		3		A-1			P2			Y		11	  90	  390	  7865		  3065
2		9	38		2		C-4			P2			Y		10	  78	  294	  7961		  3161
2		12	38		2		C-1			P2			Y		9	  66	  198	  8057		  3257
2		15	38		2		A-4			P2			Y		8	  54	  102	  8153		  3353
2		18	38		2		A-1			P2			Y		7	  42	  6	  8249		  3449
2		6	39		3		A-1			P2			Y		11	  90	  391	  7864		  3064
2		9	39		2		C-4			P2			Y		10	  78	  295	  7960		  3160
2		12	39		2		C-1			P2			Y		9	  66	  199	  8056		  3256
2		15	39		2		A-4			P2			Y		8	  54	  103	  8152		  3352
2		18	39		2		A-1			P2			Y		7	  42	  7	  8248		  3448
2		6	40		3		A-1			P2			Y		11	  90	  392	  7863		  3063
2		9	40		2		C-4			P2			Y		10	  78	  296	  7959		  3159
2		12	40		2		C-1			P2			Y		9	  66	  200	  8055		  3255
2		15	40		2		A-4			P2			Y		8	  54	  104	  8151		  3351
2		18	40		2		A-1			P2			Y		7	  42	  8	  8247		  3447
2		6	41		3		A-1			P2			Y		11	  90	  393	  7862		  3062
2		9	41		2		C-4			P2			Y		10	  78	  297	  7958		  3158
2		12	41		2		C-1			P2			Y		9	  66	  201	  8054		  3254
2		15	41		2		A-4			P2			Y		8	  54	  105	  8150		  3350
2		18	41		2		A-1			P2			Y		7	  42	  9	  8246		  3446
2		6	42		3		A-1			P2			Y		11	  90	  394	  7861		  3061
2		9	42		2		C-4			P2			Y		10	  78	  298	  7957		  3157
2		12	42		2		C-1			P2			Y		9	  66	  202	  8053		  3253
2		15	42		2		A-4			P2			Y		8	  54	  106	  8149		  3349
2		18	42		2		A-1			P2			Y		7	  42	  10	  8245		  3445
2		6	43		3		A-1			P2			Y		11	  90	  395	  7860		  3060
2		9	43		2		C-4			P2			Y		10	  78	  299	  7956		  3156
2		12	43		2		C-1			P2			Y		9	  66	  203	  8052		  3252
2		15	43		2		A-4			P2			Y		8	  54	  107	  8148		  3348
2		18	43		2		A-1			P2			Y		7	  42	  11	  8244		  3444
2		6	44		3		A-1			P2			Y		11	  90	  396	  7859		  3059
2		9	44		2		C-4			P2			Y		10	  78	  300	  7955		  3155
2		12	44		2		C-1			P2			Y		9	  66	  204	  8051		  3251
2		15	44		2		A-4			P2			Y		8	  54	  108	  8147		  3347
2		18	44		2		A-1			P2			Y		7	  42	  12	  8243		  3443
2		6	45		3		A-1			P2			Y		11	  90	  397	  7858		  3058
2		9	45		2		C-4			P2			Y		10	  78	  301	  7954		  3154
2		12	45		2		C-1			P2			Y		9	  66	  205	  8050		  3250
2		15	45		2		A-4			P2			Y		8	  54	  109	  8146		  3346
2		18	45		2		A-1			P2			Y		7	  42	  13	  8242		  3442
2		6	46		3		A-1			P2			Y		11	  90	  398	  7857		  3057
2		9	46		2		C-4			P2			Y		10	  78	  302	  7953		  3153
2		12	46		2		C-1			P2			Y		9	  66	  206	  8049		  3249
2		15	46		2		A-4			P2			Y		8	  54	  110	  8145		  3345
2		18	46		2		A-1			P2			Y		7	  42	  14	  8241		  3441
2		6	47		3		A-1			P2			Y		11	  90	  399	  7856		  3056
2		9	47		2		C-4			P2			Y		10	  78	  303	  7952		  3152
2		12	47		2		C-1			P2			Y		9	  66	  207	  8048		  3248
2		15	47		2		A-4			P2			Y		8	  54	  111	  8144		  3344
2		18	47		2		A-1			P2			Y		7	  42	  15	  8240		  3440
2		6	48		3		A-1			P2			Y		11	  91	  400	  7855		  3055
2		9	48		2		C-4			P2			Y		10	  79	  304	  7951		  3151
2		12	48		2		C-1			P2			Y		9	  67	  208	  8047		  3247
2		15	48		2		A-4			P2			Y		8	  55	  112	  8143		  3343
2		18	48		2		A-1			P2			Y		7	  43	  16	  8239		  3439
2		6	49		3		A-1			P2			Y		11	  91	  401	  7854		  3054
2		9	49		2		C-4			P2			Y		10	  79	  305	  7950		  3150
2		12	49		2		C-1			P2			Y		9	  67	  209	  8046		  3246
2		15	49		2		A-4			P2			Y		8	  55	  113	  8142		  3342
2		18	49		2		A-1			P2			Y		7	  43	  17	  8238		  3438
2		6	50		3		A-1			P2			Y		11	  91	  402	  7853		  3053
2		9	50		2		C-4			P2			Y		10	  79	  306	  7949		  3149
2		12	50		2		C-1			P2			Y		9	  67	  210	  8045		  3245
2		15	50		2		A-4			P2			Y		8	  55	  114	  8141		  3341
2		18	50		2		A-1			P2			Y		7	  43	  18	  8237		  3437
2		6	51		3		A-1			P2			Y		11	  91	  403	  7852		  3052
2		9	51		2		C-4			P2			Y		10	  79	  307	  7948		  3148
2		12	51		2		C-1			P2			Y		9	  67	  211	  8044		  3244
2		15	51		2		A-4			P2			Y		8	  55	  115	  8140		  3340
2		18	51		2		A-1			P2			Y		7	  43	  19	  8236		  3436
2		6	52		3		A-1			P2			Y		11	  91	  404	  7851		  3051
2		9	52		2		C-4			P2			Y		10	  79	  308	  7947		  3147
2		12	52		2		C-1			P2			Y		9	  67	  212	  8043		  3243
2		15	52		2		A-4			P2			Y		8	  55	  116	  8139		  3339
2		18	52		2		A-1			P2			Y		7	  43	  20	  8235		  3435
2		6	53		3		A-1			P2			Y		11	  91	  405	  7850		  3050
2		9	53		2		C-4			P2			Y		10	  79	  309	  7946		  3146
2		12	53		2		C-1			P2			Y		9	  67	  213	  8042		  3242
2		15	53		2		A-4			P2			Y		8	  55	  117	  8138		  3338
2		18	53		2		A-1			P2			Y		7	  43	  21	  8234		  3434
2		6	54		3		A-1			P2			Y		11	  91	  406	  7849		  3049
2		9	54		2		C-4			P2			Y		10	  79	  310	  7945		  3145
2		12	54		2		C-1			P2			Y		9	  67	  214	  8041		  3241
2		15	54		2		A-4			P2			Y		8	  55	  118	  8137		  3337
2		18	54		2		A-1			P2			Y		7	  43	  22	  8233		  3433
2		6	55		3		A-1			P2			Y		11	  91	  407	  7848		  3048
2		9	55		2		C-4			P2			Y		10	  79	  311	  7944		  3144
2		12	55		2		C-1			P2			Y		9	  67	  215	  8040		  3240
2		15	55		2		A-4			P2			Y		8	  55	  119	  8136		  3336
2		18	55		2		A-1			P2			Y		7	  43	  23	  8232		  3432
2		6	56		3		A-1			P2			Y		11	  91	  408	  7847		  3047
2		9	56		2		C-4			P2			Y		10	  79	  312	  7943		  3143
2		12	56		2		C-1			P2			Y		9	  67	  216	  8039		  3239
2		15	56		2		A-4			P2			Y		8	  55	  120	  8135		  3335
2		18	56		2		A-1			P2			Y		7	  43	  24	  8231		  3431
2		6	57		3		A-1			P2			Y		11	  91	  409	  7846		  3046
2		9	57		2		C-4			P2			Y		10	  79	  313	  7942		  3142
2		12	57		2		C-1			P2			Y		9	  67	  217	  8038		  3238
2		15	57		2		A-4			P2			Y		8	  55	  121	  8134		  3334
2		18	57		2		A-1			P2			Y		7	  43	  25	  8230		  3430
2		6	58		3		A-1			P2			Y		11	  91	  410	  7845		  3045
2		9	58		2		C-4			P2			Y		10	  79	  314	  7941		  3141
2		12	58		2		C-1			P2			Y		9	  67	  218	  8037		  3237
2		15	58		2		A-4			P2			Y		8	  55	  122	  8133		  3333
2		18	58		2		A-1			P2			Y		7	  43	  26	  8229		  3429
2		6	59		3		A-1			P2			Y		11	  91	  411	  7844		  3044
2		9	59		2		C-4			P2			Y		10	  79	  315	  7940		  3140
2		12	59		2		C-1			P2			Y		9	  67	  219	  8036		  3236
2		15	59		2		A-4			P2			Y		8	  55	  123	  8132		  3332
2		18	59		2		A-1			P2			Y		7	  43	  27	  8228		  3428
2		6	60		3		A-1			P2			Y		11	  91	  412	  7843		  3043
2		9	60		2		C-4			P2			Y		10	  79	  316	  7939		  3139
2		12	60		2		C-1			P2			Y		9	  67	  220	  8035		  3235
2		15	60		2		A-4			P2			Y		8	  55	  124	  8131		  3331
2		18	60		2		A-1			P2			Y		7	  43	  28	  8227		  3427
2		6	61		3		A-1			P2			Y		11	  91	  413	  7842		  3042
2		9	61		2		C-4			P2			Y		10	  79	  317	  7938		  3138
2		12	61		2		C-1			P2			Y		9	  67	  221	  8034		  3234
2		15	61		2		A-4			P2			Y		8	  55	  125	  8130		  3330
2		18	61		2		A-1			P2			Y		7	  43	  29	  8226		  3426
2		6	62		3		A-1			P2			Y		11	  91	  414	  7841		  3041
2		9	62		2		C-4			P2			Y		10	  79	  318	  7937		  3137
2		12	62		2		C-1			P2			Y		9	  67	  222	  8033		  3233
2		15	62		2		A-4			P2			Y		8	  55	  126	  8129		  3329
2		18	62		2		A-1			P2			Y		7	  43	  30	  8225		  3425
2		6	63		3		A-1			P2			Y		11	  91	  415	  7840		  3040
2		9	63		2		C-4			P2			Y		10	  79	  319	  7936		  3136
2		12	63		2		C-1			P2			Y		9	  67	  223	  8032		  3232
2		15	63		2		A-4			P2			Y		8	  55	  127	  8128		  3328
2		18	63		2		A-1			P2			Y		7	  43	  31	  8224		  3424
2		6	16		3		B-1			P1			U		11	  93	  872	  1527		  1527
2		9	16		2		D-4			P1			U		10	  81	  824	  1575		  1575
2		12	16		2		D-1			P1			U		9	  69	  776	  1623		  1623
2		15	16		2		B-4			P1			U		8	  57	  728	  1671		  1671
2		18	16		2		B-1			P1			U		7	  45	  680	  1719		  1719
2		6	17		3		B-1			P1			V		11	  93	  200	  4599		  2199
2		9	17		2		D-4			P1			V		10	  81	  152	  4647		  2247
2		12	17		2		D-1			P1			V		9	  69	  104	  4695		  2295
2		15	17		2		B-4			P1			V		8	  57	  56	  4743		  2343
2		18	17		2		B-1			P1			V		7	  45	  8	  4791		  2391
2		6	18		3		B-1			P1			U		11	  93	  873	  1526		  1526
2		9	18		2		D-4			P1			U		10	  81	  825	  1574		  1574
2		12	18		2		D-1			P1			U		9	  69	  777	  1622		  1622
2		15	18		2		B-4			P1			U		8	  57	  729	  1670		  1670
2		18	18		2		B-1			P1			U		7	  45	  681	  1718		  1718
2		6	19		3		B-1			P1			V		11	  93	  201	  4598		  2198
2		9	19		2		D-4			P1			V		10	  81	  153	  4646		  2246
2		12	19		2		D-1			P1			V		9	  69	  105	  4694		  2294
2		15	19		2		B-4			P1			V		8	  57	  57	  4742		  2342
2		18	19		2		B-1			P1			V		7	  45	  9	  4790		  2390
2		6	20		3		B-1			P1			U		11	  93	  874	  1525		  1525
2		9	20		2		D-4			P1			U		10	  81	  826	  1573		  1573
2		12	20		2		D-1			P1			U		9	  69	  778	  1621		  1621
2		15	20		2		B-4			P1			U		8	  57	  730	  1669		  1669
2		18	20		2		B-1			P1			U		7	  45	  682	  1717		  1717
2		6	21		3		B-1			P1			V		11	  93	  202	  4597		  2197
2		9	21		2		D-4			P1			V		10	  81	  154	  4645		  2245
2		12	21		2		D-1			P1			V		9	  69	  106	  4693		  2293
2		15	21		2		B-4			P1			V		8	  57	  58	  4741		  2341
2		18	21		2		B-1			P1			V		7	  45	  10	  4789		  2389
2		6	22		3		B-1			P1			U		11	  93	  875	  1524		  1524
2		9	22		2		D-4			P1			U		10	  81	  827	  1572		  1572
2		12	22		2		D-1			P1			U		9	  69	  779	  1620		  1620
2		15	22		2		B-4			P1			U		8	  57	  731	  1668		  1668
2		18	22		2		B-1			P1			U		7	  45	  683	  1716		  1716
2		6	23		3		B-1			P1			V		11	  93	  203	  4596		  2196
2		9	23		2		D-4			P1			V		10	  81	  155	  4644		  2244
2		12	23		2		D-1			P1			V		9	  69	  107	  4692		  2292
2		15	23		2		B-4			P1			V		8	  57	  59	  4740		  2340
2		18	23		2		B-1			P1			V		7	  45	  11	  4788		  2388
2		6	24		3		B-1			P1			U		11	  93	  876	  1523		  1523
2		9	24		2		D-4			P1			U		10	  81	  828	  1571		  1571
2		12	24		2		D-1			P1			U		9	  69	  780	  1619		  1619
2		15	24		2		B-4			P1			U		8	  57	  732	  1667		  1667
2		18	24		2		B-1			P1			U		7	  45	  684	  1715		  1715
2		6	25		3		B-1			P1			V		11	  93	  204	  4595		  2195
2		9	25		2		D-4			P1			V		10	  81	  156	  4643		  2243
2		12	25		2		D-1			P1			V		9	  69	  108	  4691		  2291
2		15	25		2		B-4			P1			V		8	  57	  60	  4739		  2339
2		18	25		2		B-1			P1			V		7	  45	  12	  4787		  2387
2		6	26		3		B-1			P1			U		11	  93	  877	  1522		  1522
2		9	26		2		D-4			P1			U		10	  81	  829	  1570		  1570
2		12	26		2		D-1			P1			U		9	  69	  781	  1618		  1618
2		15	26		2		B-4			P1			U		8	  57	  733	  1666		  1666
2		18	26		2		B-1			P1			U		7	  45	  685	  1714		  1714
2		6	27		3		B-1			P1			V		11	  93	  205	  4594		  2194
2		9	27		2		D-4			P1			V		10	  81	  157	  4642		  2242
2		12	27		2		D-1			P1			V		9	  69	  109	  4690		  2290
2		15	27		2		B-4			P1			V		8	  57	  61	  4738		  2338
2		18	27		2		B-1			P1			V		7	  45	  13	  4786		  2386
2		6	28		3		B-1			P1			U		11	  93	  878	  1521		  1521
2		9	28		2		D-4			P1			U		10	  81	  830	  1569		  1569
2		12	28		2		D-1			P1			U		9	  69	  782	  1617		  1617
2		15	28		2		B-4			P1			U		8	  57	  734	  1665		  1665
2		18	28		2		B-1			P1			U		7	  45	  686	  1713		  1713
2		6	29		3		B-1			P1			V		11	  93	  206	  4593		  2193
2		9	29		2		D-4			P1			V		10	  81	  158	  4641		  2241
2		12	29		2		D-1			P1			V		9	  69	  110	  4689		  2289
2		15	29		2		B-4			P1			V		8	  57	  62	  4737		  2337
2		18	29		2		B-1			P1			V		7	  45	  14	  4785		  2385
2		6	30		3		B-1			P1			U		11	  93	  879	  1520		  1520
2		9	30		2		D-4			P1			U		10	  81	  831	  1568		  1568
2		12	30		2		D-1			P1			U		9	  69	  783	  1616		  1616
2		15	30		2		B-4			P1			U		8	  57	  735	  1664		  1664
2		18	30		2		B-1			P1			U		7	  45	  687	  1712		  1712
2		6	31		3		B-1			P1			V		11	  93	  207	  4592		  2192
2		9	31		2		D-4			P1			V		10	  81	  159	  4640		  2240
2		12	31		2		D-1			P1			V		9	  69	  111	  4688		  2288
2		15	31		2		B-4			P1			V		8	  57	  63	  4736		  2336
2		18	31		2		B-1			P1			V		7	  45	  15	  4784		  2384
2		6	0		3		B-1			P1			U		11	  92	  864	  1535		  1535
2		9	0		2		D-4			P1			U		10	  80	  816	  1583		  1583
2		12	0		2		D-1			P1			U		9	  68	  768	  1631		  1631
2		15	0		2		B-4			P1			U		8	  56	  720	  1679		  1679
2		18	0		2		B-1			P1			U		7	  44	  672	  1727		  1727
2		6	1		3		B-1			P1			V		11	  92	  192	  4607		  2207
2		9	1		2		D-4			P1			V		10	  80	  144	  4655		  2255
2		12	1		2		D-1			P1			V		9	  68	  96	  4703		  2303
2		15	1		2		B-4			P1			V		8	  56	  48	  4751		  2351
2		18	1		2		B-1			P1			V		7	  44	  0	  4799		  2399
2		6	2		3		B-1			P1			U		11	  92	  865	  1534		  1534
2		9	2		2		D-4			P1			U		10	  80	  817	  1582		  1582
2		12	2		2		D-1			P1			U		9	  68	  769	  1630		  1630
2		15	2		2		B-4			P1			U		8	  56	  721	  1678		  1678
2		18	2		2		B-1			P1			U		7	  44	  673	  1726		  1726
2		6	3		3		B-1			P1			V		11	  92	  193	  4606		  2206
2		9	3		2		D-4			P1			V		10	  80	  145	  4654		  2254
2		12	3		2		D-1			P1			V		9	  68	  97	  4702		  2302
2		15	3		2		B-4			P1			V		8	  56	  49	  4750		  2350
2		18	3		2		B-1			P1			V		7	  44	  1	  4798		  2398
2		6	4		3		B-1			P1			U		11	  92	  866	  1533		  1533
2		9	4		2		D-4			P1			U		10	  80	  818	  1581		  1581
2		12	4		2		D-1			P1			U		9	  68	  770	  1629		  1629
2		15	4		2		B-4			P1			U		8	  56	  722	  1677		  1677
2		18	4		2		B-1			P1			U		7	  44	  674	  1725		  1725
2		6	5		3		B-1			P1			V		11	  92	  194	  4605		  2205
2		9	5		2		D-4			P1			V		10	  80	  146	  4653		  2253
2		12	5		2		D-1			P1			V		9	  68	  98	  4701		  2301
2		15	5		2		B-4			P1			V		8	  56	  50	  4749		  2349
2		18	5		2		B-1			P1			V		7	  44	  2	  4797		  2397
2		6	6		3		B-1			P1			U		11	  92	  867	  1532		  1532
2		9	6		2		D-4			P1			U		10	  80	  819	  1580		  1580
2		12	6		2		D-1			P1			U		9	  68	  771	  1628		  1628
2		15	6		2		B-4			P1			U		8	  56	  723	  1676		  1676
2		18	6		2		B-1			P1			U		7	  44	  675	  1724		  1724
2		6	7		3		B-1			P1			V		11	  92	  195	  4604		  2204
2		9	7		2		D-4			P1			V		10	  80	  147	  4652		  2252
2		12	7		2		D-1			P1			V		9	  68	  99	  4700		  2300
2		15	7		2		B-4			P1			V		8	  56	  51	  4748		  2348
2		18	7		2		B-1			P1			V		7	  44	  3	  4796		  2396
2		6	8		3		B-1			P1			U		11	  92	  868	  1531		  1531
2		9	8		2		D-4			P1			U		10	  80	  820	  1579		  1579
2		12	8		2		D-1			P1			U		9	  68	  772	  1627		  1627
2		15	8		2		B-4			P1			U		8	  56	  724	  1675		  1675
2		18	8		2		B-1			P1			U		7	  44	  676	  1723		  1723
2		6	9		3		B-1			P1			V		11	  92	  196	  4603		  2203
2		9	9		2		D-4			P1			V		10	  80	  148	  4651		  2251
2		12	9		2		D-1			P1			V		9	  68	  100	  4699		  2299
2		15	9		2		B-4			P1			V		8	  56	  52	  4747		  2347
2		18	9		2		B-1			P1			V		7	  44	  4	  4795		  2395
2		6	10		3		B-1			P1			U		11	  92	  869	  1530		  1530
2		9	10		2		D-4			P1			U		10	  80	  821	  1578		  1578
2		12	10		2		D-1			P1			U		9	  68	  773	  1626		  1626
2		15	10		2		B-4			P1			U		8	  56	  725	  1674		  1674
2		18	10		2		B-1			P1			U		7	  44	  677	  1722		  1722
2		6	11		3		B-1			P1			V		11	  92	  197	  4602		  2202
2		9	11		2		D-4			P1			V		10	  80	  149	  4650		  2250
2		12	11		2		D-1			P1			V		9	  68	  101	  4698		  2298
2		15	11		2		B-4			P1			V		8	  56	  53	  4746		  2346
2		18	11		2		B-1			P1			V		7	  44	  5	  4794		  2394
2		6	12		3		B-1			P1			U		11	  92	  870	  1529		  1529
2		9	12		2		D-4			P1			U		10	  80	  822	  1577		  1577
2		12	12		2		D-1			P1			U		9	  68	  774	  1625		  1625
2		15	12		2		B-4			P1			U		8	  56	  726	  1673		  1673
2		18	12		2		B-1			P1			U		7	  44	  678	  1721		  1721
2		6	13		3		B-1			P1			V		11	  92	  198	  4601		  2201
2		9	13		2		D-4			P1			V		10	  80	  150	  4649		  2249
2		12	13		2		D-1			P1			V		9	  68	  102	  4697		  2297
2		15	13		2		B-4			P1			V		8	  56	  54	  4745		  2345
2		18	13		2		B-1			P1			V		7	  44	  6	  4793		  2393
2		6	14		3		B-1			P1			U		11	  92	  871	  1528		  1528
2		9	14		2		D-4			P1			U		10	  80	  823	  1576		  1576
2		12	14		2		D-1			P1			U		9	  68	  775	  1624		  1624
2		15	14		2		B-4			P1			U		8	  56	  727	  1672		  1672
2		18	14		2		B-1			P1			U		7	  44	  679	  1720		  1720
2		6	15		3		B-1			P1			V		11	  92	  199	  4600		  2200
2		9	15		2		D-4			P1			V		10	  80	  151	  4648		  2248
2		12	15		2		D-1			P1			V		9	  68	  103	  4696		  2296
2		15	15		2		B-4			P1			V		8	  56	  55	  4744		  2344
2		18	15		2		B-1			P1			V		7	  44	  7	  4792		  2392
2		5	32		3		A-2			P2			Y		11	  94	  416	  7839		  3039
2		8	32		2		C-5			P2			Y		10	  82	  320	  7935		  3135
2		11	32		2		C-2			P2			Y		9	  70	  224	  8031		  3231
2		14	32		2		A-5			P2			Y		8	  58	  128	  8127		  3327
2		17	32		2		A-2			P2			Y		7	  46	  32	  8223		  3423
2		5	33		3		A-2			P2			Y		11	  94	  417	  7838		  3038
2		8	33		2		C-5			P2			Y		10	  82	  321	  7934		  3134
2		11	33		2		C-2			P2			Y		9	  70	  225	  8030		  3230
2		14	33		2		A-5			P2			Y		8	  58	  129	  8126		  3326
2		17	33		2		A-2			P2			Y		7	  46	  33	  8222		  3422
2		5	34		3		A-2			P2			Y		11	  94	  418	  7837		  3037
2		8	34		2		C-5			P2			Y		10	  82	  322	  7933		  3133
2		11	34		2		C-2			P2			Y		9	  70	  226	  8029		  3229
2		14	34		2		A-5			P2			Y		8	  58	  130	  8125		  3325
2		17	34		2		A-2			P2			Y		7	  46	  34	  8221		  3421
2		5	35		3		A-2			P2			Y		11	  94	  419	  7836		  3036
2		8	35		2		C-5			P2			Y		10	  82	  323	  7932		  3132
2		11	35		2		C-2			P2			Y		9	  70	  227	  8028		  3228
2		14	35		2		A-5			P2			Y		8	  58	  131	  8124		  3324
2		17	35		2		A-2			P2			Y		7	  46	  35	  8220		  3420
2		5	36		3		A-2			P2			Y		11	  94	  420	  7835		  3035
2		8	36		2		C-5			P2			Y		10	  82	  324	  7931		  3131
2		11	36		2		C-2			P2			Y		9	  70	  228	  8027		  3227
2		14	36		2		A-5			P2			Y		8	  58	  132	  8123		  3323
2		17	36		2		A-2			P2			Y		7	  46	  36	  8219		  3419
2		5	37		3		A-2			P2			Y		11	  94	  421	  7834		  3034
2		8	37		2		C-5			P2			Y		10	  82	  325	  7930		  3130
2		11	37		2		C-2			P2			Y		9	  70	  229	  8026		  3226
2		14	37		2		A-5			P2			Y		8	  58	  133	  8122		  3322
2		17	37		2		A-2			P2			Y		7	  46	  37	  8218		  3418
2		5	38		3		A-2			P2			Y		11	  94	  422	  7833		  3033
2		8	38		2		C-5			P2			Y		10	  82	  326	  7929		  3129
2		11	38		2		C-2			P2			Y		9	  70	  230	  8025		  3225
2		14	38		2		A-5			P2			Y		8	  58	  134	  8121		  3321
2		17	38		2		A-2			P2			Y		7	  46	  38	  8217		  3417
2		5	39		3		A-2			P2			Y		11	  94	  423	  7832		  3032
2		8	39		2		C-5			P2			Y		10	  82	  327	  7928		  3128
2		11	39		2		C-2			P2			Y		9	  70	  231	  8024		  3224
2		14	39		2		A-5			P2			Y		8	  58	  135	  8120		  3320
2		17	39		2		A-2			P2			Y		7	  46	  39	  8216		  3416
2		5	40		3		A-2			P2			Y		11	  94	  424	  7831		  3031
2		8	40		2		C-5			P2			Y		10	  82	  328	  7927		  3127
2		11	40		2		C-2			P2			Y		9	  70	  232	  8023		  3223
2		14	40		2		A-5			P2			Y		8	  58	  136	  8119		  3319
2		17	40		2		A-2			P2			Y		7	  46	  40	  8215		  3415
2		5	41		3		A-2			P2			Y		11	  94	  425	  7830		  3030
2		8	41		2		C-5			P2			Y		10	  82	  329	  7926		  3126
2		11	41		2		C-2			P2			Y		9	  70	  233	  8022		  3222
2		14	41		2		A-5			P2			Y		8	  58	  137	  8118		  3318
2		17	41		2		A-2			P2			Y		7	  46	  41	  8214		  3414
2		5	42		3		A-2			P2			Y		11	  94	  426	  7829		  3029
2		8	42		2		C-5			P2			Y		10	  82	  330	  7925		  3125
2		11	42		2		C-2			P2			Y		9	  70	  234	  8021		  3221
2		14	42		2		A-5			P2			Y		8	  58	  138	  8117		  3317
2		17	42		2		A-2			P2			Y		7	  46	  42	  8213		  3413
2		5	43		3		A-2			P2			Y		11	  94	  427	  7828		  3028
2		8	43		2		C-5			P2			Y		10	  82	  331	  7924		  3124
2		11	43		2		C-2			P2			Y		9	  70	  235	  8020		  3220
2		14	43		2		A-5			P2			Y		8	  58	  139	  8116		  3316
2		17	43		2		A-2			P2			Y		7	  46	  43	  8212		  3412
2		5	44		3		A-2			P2			Y		11	  94	  428	  7827		  3027
2		8	44		2		C-5			P2			Y		10	  82	  332	  7923		  3123
2		11	44		2		C-2			P2			Y		9	  70	  236	  8019		  3219
2		14	44		2		A-5			P2			Y		8	  58	  140	  8115		  3315
2		17	44		2		A-2			P2			Y		7	  46	  44	  8211		  3411
2		5	45		3		A-2			P2			Y		11	  94	  429	  7826		  3026
2		8	45		2		C-5			P2			Y		10	  82	  333	  7922		  3122
2		11	45		2		C-2			P2			Y		9	  70	  237	  8018		  3218
2		14	45		2		A-5			P2			Y		8	  58	  141	  8114		  3314
2		17	45		2		A-2			P2			Y		7	  46	  45	  8210		  3410
2		5	46		3		A-2			P2			Y		11	  94	  430	  7825		  3025
2		8	46		2		C-5			P2			Y		10	  82	  334	  7921		  3121
2		11	46		2		C-2			P2			Y		9	  70	  238	  8017		  3217
2		14	46		2		A-5			P2			Y		8	  58	  142	  8113		  3313
2		17	46		2		A-2			P2			Y		7	  46	  46	  8209		  3409
2		5	47		3		A-2			P2			Y		11	  94	  431	  7824		  3024
2		8	47		2		C-5			P2			Y		10	  82	  335	  7920		  3120
2		11	47		2		C-2			P2			Y		9	  70	  239	  8016		  3216
2		14	47		2		A-5			P2			Y		8	  58	  143	  8112		  3312
2		17	47		2		A-2			P2			Y		7	  46	  47	  8208		  3408
2		5	48		3		A-2			P2			Y		11	  95	  432	  7823		  3023
2		8	48		2		C-5			P2			Y		10	  83	  336	  7919		  3119
2		11	48		2		C-2			P2			Y		9	  71	  240	  8015		  3215
2		14	48		2		A-5			P2			Y		8	  59	  144	  8111		  3311
2		17	48		2		A-2			P2			Y		7	  47	  48	  8207		  3407
2		5	49		3		A-2			P2			Y		11	  95	  433	  7822		  3022
2		8	49		2		C-5			P2			Y		10	  83	  337	  7918		  3118
2		11	49		2		C-2			P2			Y		9	  71	  241	  8014		  3214
2		14	49		2		A-5			P2			Y		8	  59	  145	  8110		  3310
2		17	49		2		A-2			P2			Y		7	  47	  49	  8206		  3406
2		5	50		3		A-2			P2			Y		11	  95	  434	  7821		  3021
2		8	50		2		C-5			P2			Y		10	  83	  338	  7917		  3117
2		11	50		2		C-2			P2			Y		9	  71	  242	  8013		  3213
2		14	50		2		A-5			P2			Y		8	  59	  146	  8109		  3309
2		17	50		2		A-2			P2			Y		7	  47	  50	  8205		  3405
2		5	51		3		A-2			P2			Y		11	  95	  435	  7820		  3020
2		8	51		2		C-5			P2			Y		10	  83	  339	  7916		  3116
2		11	51		2		C-2			P2			Y		9	  71	  243	  8012		  3212
2		14	51		2		A-5			P2			Y		8	  59	  147	  8108		  3308
2		17	51		2		A-2			P2			Y		7	  47	  51	  8204		  3404
2		5	52		3		A-2			P2			Y		11	  95	  436	  7819		  3019
2		8	52		2		C-5			P2			Y		10	  83	  340	  7915		  3115
2		11	52		2		C-2			P2			Y		9	  71	  244	  8011		  3211
2		14	52		2		A-5			P2			Y		8	  59	  148	  8107		  3307
2		17	52		2		A-2			P2			Y		7	  47	  52	  8203		  3403
2		5	53		3		A-2			P2			Y		11	  95	  437	  7818		  3018
2		8	53		2		C-5			P2			Y		10	  83	  341	  7914		  3114
2		11	53		2		C-2			P2			Y		9	  71	  245	  8010		  3210
2		14	53		2		A-5			P2			Y		8	  59	  149	  8106		  3306
2		17	53		2		A-2			P2			Y		7	  47	  53	  8202		  3402
2		5	54		3		A-2			P2			Y		11	  95	  438	  7817		  3017
2		8	54		2		C-5			P2			Y		10	  83	  342	  7913		  3113
2		11	54		2		C-2			P2			Y		9	  71	  246	  8009		  3209
2		14	54		2		A-5			P2			Y		8	  59	  150	  8105		  3305
2		17	54		2		A-2			P2			Y		7	  47	  54	  8201		  3401
2		5	55		3		A-2			P2			Y		11	  95	  439	  7816		  3016
2		8	55		2		C-5			P2			Y		10	  83	  343	  7912		  3112
2		11	55		2		C-2			P2			Y		9	  71	  247	  8008		  3208
2		14	55		2		A-5			P2			Y		8	  59	  151	  8104		  3304
2		17	55		2		A-2			P2			Y		7	  47	  55	  8200		  3400
2		5	56		3		A-2			P2			Y		11	  95	  440	  7815		  3015
2		8	56		2		C-5			P2			Y		10	  83	  344	  7911		  3111
2		11	56		2		C-2			P2			Y		9	  71	  248	  8007		  3207
2		14	56		2		A-5			P2			Y		8	  59	  152	  8103		  3303
2		17	56		2		A-2			P2			Y		7	  47	  56	  8199		  3399
2		5	57		3		A-2			P2			Y		11	  95	  441	  7814		  3014
2		8	57		2		C-5			P2			Y		10	  83	  345	  7910		  3110
2		11	57		2		C-2			P2			Y		9	  71	  249	  8006		  3206
2		14	57		2		A-5			P2			Y		8	  59	  153	  8102		  3302
2		17	57		2		A-2			P2			Y		7	  47	  57	  8198		  3398
2		5	58		3		A-2			P2			Y		11	  95	  442	  7813		  3013
2		8	58		2		C-5			P2			Y		10	  83	  346	  7909		  3109
2		11	58		2		C-2			P2			Y		9	  71	  250	  8005		  3205
2		14	58		2		A-5			P2			Y		8	  59	  154	  8101		  3301
2		17	58		2		A-2			P2			Y		7	  47	  58	  8197		  3397
2		5	59		3		A-2			P2			Y		11	  95	  443	  7812		  3012
2		8	59		2		C-5			P2			Y		10	  83	  347	  7908		  3108
2		11	59		2		C-2			P2			Y		9	  71	  251	  8004		  3204
2		14	59		2		A-5			P2			Y		8	  59	  155	  8100		  3300
2		17	59		2		A-2			P2			Y		7	  47	  59	  8196		  3396
2		5	60		3		A-2			P2			Y		11	  95	  444	  7811		  3011
2		8	60		2		C-5			P2			Y		10	  83	  348	  7907		  3107
2		11	60		2		C-2			P2			Y		9	  71	  252	  8003		  3203
2		14	60		2		A-5			P2			Y		8	  59	  156	  8099		  3299
2		17	60		2		A-2			P2			Y		7	  47	  60	  8195		  3395
2		5	61		3		A-2			P2			Y		11	  95	  445	  7810		  3010
2		8	61		2		C-5			P2			Y		10	  83	  349	  7906		  3106
2		11	61		2		C-2			P2			Y		9	  71	  253	  8002		  3202
2		14	61		2		A-5			P2			Y		8	  59	  157	  8098		  3298
2		17	61		2		A-2			P2			Y		7	  47	  61	  8194		  3394
2		5	62		3		A-2			P2			Y		11	  95	  446	  7809		  3009
2		8	62		2		C-5			P2			Y		10	  83	  350	  7905		  3105
2		11	62		2		C-2			P2			Y		9	  71	  254	  8001		  3201
2		14	62		2		A-5			P2			Y		8	  59	  158	  8097		  3297
2		17	62		2		A-2			P2			Y		7	  47	  62	  8193		  3393
2		5	63		3		A-2			P2			Y		11	  95	  447	  7808		  3008
2		8	63		2		C-5			P2			Y		10	  83	  351	  7904		  3104
2		11	63		2		C-2			P2			Y		9	  71	  255	  8000		  3200
2		14	63		2		A-5			P2			Y		8	  59	  159	  8096		  3296
2		17	63		2		A-2			P2			Y		7	  47	  63	  8192		  3392
2		5	16		3		B-2			P1			U		11	  97	  888	  1511		  1511
2		8	16		2		D-5			P1			U		10	  85	  840	  1559		  1559
2		11	16		2		D-2			P1			U		9	  73	  792	  1607		  1607
2		14	16		2		B-5			P1			U		8	  61	  744	  1655		  1655
2		17	16		2		B-2			P1			U		7	  49	  696	  1703		  1703
2		5	17		3		B-2			P1			V		11	  97	  216	  4583		  2183
2		8	17		2		D-5			P1			V		10	  85	  168	  4631		  2231
2		11	17		2		D-2			P1			V		9	  73	  120	  4679		  2279
2		14	17		2		B-5			P1			V		8	  61	  72	  4727		  2327
2		17	17		2		B-2			P1			V		7	  49	  24	  4775		  2375
2		5	18		3		B-2			P1			U		11	  97	  889	  1510		  1510
2		8	18		2		D-5			P1			U		10	  85	  841	  1558		  1558
2		11	18		2		D-2			P1			U		9	  73	  793	  1606		  1606
2		14	18		2		B-5			P1			U		8	  61	  745	  1654		  1654
2		17	18		2		B-2			P1			U		7	  49	  697	  1702		  1702
2		5	19		3		B-2			P1			V		11	  97	  217	  4582		  2182
2		8	19		2		D-5			P1			V		10	  85	  169	  4630		  2230
2		11	19		2		D-2			P1			V		9	  73	  121	  4678		  2278
2		14	19		2		B-5			P1			V		8	  61	  73	  4726		  2326
2		17	19		2		B-2			P1			V		7	  49	  25	  4774		  2374
2		5	20		3		B-2			P1			U		11	  97	  890	  1509		  1509
2		8	20		2		D-5			P1			U		10	  85	  842	  1557		  1557
2		11	20		2		D-2			P1			U		9	  73	  794	  1605		  1605
2		14	20		2		B-5			P1			U		8	  61	  746	  1653		  1653
2		17	20		2		B-2			P1			U		7	  49	  698	  1701		  1701
2		5	21		3		B-2			P1			V		11	  97	  218	  4581		  2181
2		8	21		2		D-5			P1			V		10	  85	  170	  4629		  2229
2		11	21		2		D-2			P1			V		9	  73	  122	  4677		  2277
2		14	21		2		B-5			P1			V		8	  61	  74	  4725		  2325
2		17	21		2		B-2			P1			V		7	  49	  26	  4773		  2373
2		5	22		3		B-2			P1			U		11	  97	  891	  1508		  1508
2		8	22		2		D-5			P1			U		10	  85	  843	  1556		  1556
2		11	22		2		D-2			P1			U		9	  73	  795	  1604		  1604
2		14	22		2		B-5			P1			U		8	  61	  747	  1652		  1652
2		17	22		2		B-2			P1			U		7	  49	  699	  1700		  1700
2		5	23		3		B-2			P1			V		11	  97	  219	  4580		  2180
2		8	23		2		D-5			P1			V		10	  85	  171	  4628		  2228
2		11	23		2		D-2			P1			V		9	  73	  123	  4676		  2276
2		14	23		2		B-5			P1			V		8	  61	  75	  4724		  2324
2		17	23		2		B-2			P1			V		7	  49	  27	  4772		  2372
2		5	24		3		B-2			P1			U		11	  97	  892	  1507		  1507
2		8	24		2		D-5			P1			U		10	  85	  844	  1555		  1555
2		11	24		2		D-2			P1			U		9	  73	  796	  1603		  1603
2		14	24		2		B-5			P1			U		8	  61	  748	  1651		  1651
2		17	24		2		B-2			P1			U		7	  49	  700	  1699		  1699
2		5	25		3		B-2			P1			V		11	  97	  220	  4579		  2179
2		8	25		2		D-5			P1			V		10	  85	  172	  4627		  2227
2		11	25		2		D-2			P1			V		9	  73	  124	  4675		  2275
2		14	25		2		B-5			P1			V		8	  61	  76	  4723		  2323
2		17	25		2		B-2			P1			V		7	  49	  28	  4771		  2371
2		5	26		3		B-2			P1			U		11	  97	  893	  1506		  1506
2		8	26		2		D-5			P1			U		10	  85	  845	  1554		  1554
2		11	26		2		D-2			P1			U		9	  73	  797	  1602		  1602
2		14	26		2		B-5			P1			U		8	  61	  749	  1650		  1650
2		17	26		2		B-2			P1			U		7	  49	  701	  1698		  1698
2		5	27		3		B-2			P1			V		11	  97	  221	  4578		  2178
2		8	27		2		D-5			P1			V		10	  85	  173	  4626		  2226
2		11	27		2		D-2			P1			V		9	  73	  125	  4674		  2274
2		14	27		2		B-5			P1			V		8	  61	  77	  4722		  2322
2		17	27		2		B-2			P1			V		7	  49	  29	  4770		  2370
2		5	28		3		B-2			P1			U		11	  97	  894	  1505		  1505
2		8	28		2		D-5			P1			U		10	  85	  846	  1553		  1553
2		11	28		2		D-2			P1			U		9	  73	  798	  1601		  1601
2		14	28		2		B-5			P1			U		8	  61	  750	  1649		  1649
2		17	28		2		B-2			P1			U		7	  49	  702	  1697		  1697
2		5	29		3		B-2			P1			V		11	  97	  222	  4577		  2177
2		8	29		2		D-5			P1			V		10	  85	  174	  4625		  2225
2		11	29		2		D-2			P1			V		9	  73	  126	  4673		  2273
2		14	29		2		B-5			P1			V		8	  61	  78	  4721		  2321
2		17	29		2		B-2			P1			V		7	  49	  30	  4769		  2369
2		5	30		3		B-2			P1			U		11	  97	  895	  1504		  1504
2		8	30		2		D-5			P1			U		10	  85	  847	  1552		  1552
2		11	30		2		D-2			P1			U		9	  73	  799	  1600		  1600
2		14	30		2		B-5			P1			U		8	  61	  751	  1648		  1648
2		17	30		2		B-2			P1			U		7	  49	  703	  1696		  1696
2		5	31		3		B-2			P1			V		11	  97	  223	  4576		  2176
2		8	31		2		D-5			P1			V		10	  85	  175	  4624		  2224
2		11	31		2		D-2			P1			V		9	  73	  127	  4672		  2272
2		14	31		2		B-5			P1			V		8	  61	  79	  4720		  2320
2		17	31		2		B-2			P1			V		7	  49	  31	  4768		  2368
2		5	0		3		B-2			P1			U		11	  96	  880	  1519		  1519
2		8	0		2		D-5			P1			U		10	  84	  832	  1567		  1567
2		11	0		2		D-2			P1			U		9	  72	  784	  1615		  1615
2		14	0		2		B-5			P1			U		8	  60	  736	  1663		  1663
2		17	0		2		B-2			P1			U		7	  48	  688	  1711		  1711
2		5	1		3		B-2			P1			V		11	  96	  208	  4591		  2191
2		8	1		2		D-5			P1			V		10	  84	  160	  4639		  2239
2		11	1		2		D-2			P1			V		9	  72	  112	  4687		  2287
2		14	1		2		B-5			P1			V		8	  60	  64	  4735		  2335
2		17	1		2		B-2			P1			V		7	  48	  16	  4783		  2383
2		5	2		3		B-2			P1			U		11	  96	  881	  1518		  1518
2		8	2		2		D-5			P1			U		10	  84	  833	  1566		  1566
2		11	2		2		D-2			P1			U		9	  72	  785	  1614		  1614
2		14	2		2		B-5			P1			U		8	  60	  737	  1662		  1662
2		17	2		2		B-2			P1			U		7	  48	  689	  1710		  1710
2		5	3		3		B-2			P1			V		11	  96	  209	  4590		  2190
2		8	3		2		D-5			P1			V		10	  84	  161	  4638		  2238
2		11	3		2		D-2			P1			V		9	  72	  113	  4686		  2286
2		14	3		2		B-5			P1			V		8	  60	  65	  4734		  2334
2		17	3		2		B-2			P1			V		7	  48	  17	  4782		  2382
2		5	4		3		B-2			P1			U		11	  96	  882	  1517		  1517
2		8	4		2		D-5			P1			U		10	  84	  834	  1565		  1565
2		11	4		2		D-2			P1			U		9	  72	  786	  1613		  1613
2		14	4		2		B-5			P1			U		8	  60	  738	  1661		  1661
2		17	4		2		B-2			P1			U		7	  48	  690	  1709		  1709
2		5	5		3		B-2			P1			V		11	  96	  210	  4589		  2189
2		8	5		2		D-5			P1			V		10	  84	  162	  4637		  2237
2		11	5		2		D-2			P1			V		9	  72	  114	  4685		  2285
2		14	5		2		B-5			P1			V		8	  60	  66	  4733		  2333
2		17	5		2		B-2			P1			V		7	  48	  18	  4781		  2381
2		5	6		3		B-2			P1			U		11	  96	  883	  1516		  1516
2		8	6		2		D-5			P1			U		10	  84	  835	  1564		  1564
2		11	6		2		D-2			P1			U		9	  72	  787	  1612		  1612
2		14	6		2		B-5			P1			U		8	  60	  739	  1660		  1660
2		17	6		2		B-2			P1			U		7	  48	  691	  1708		  1708
2		5	7		3		B-2			P1			V		11	  96	  211	  4588		  2188
2		8	7		2		D-5			P1			V		10	  84	  163	  4636		  2236
2		11	7		2		D-2			P1			V		9	  72	  115	  4684		  2284
2		14	7		2		B-5			P1			V		8	  60	  67	  4732		  2332
2		17	7		2		B-2			P1			V		7	  48	  19	  4780		  2380
2		5	8		3		B-2			P1			U		11	  96	  884	  1515		  1515
2		8	8		2		D-5			P1			U		10	  84	  836	  1563		  1563
2		11	8		2		D-2			P1			U		9	  72	  788	  1611		  1611
2		14	8		2		B-5			P1			U		8	  60	  740	  1659		  1659
2		17	8		2		B-2			P1			U		7	  48	  692	  1707		  1707
2		5	9		3		B-2			P1			V		11	  96	  212	  4587		  2187
2		8	9		2		D-5			P1			V		10	  84	  164	  4635		  2235
2		11	9		2		D-2			P1			V		9	  72	  116	  4683		  2283
2		14	9		2		B-5			P1			V		8	  60	  68	  4731		  2331
2		17	9		2		B-2			P1			V		7	  48	  20	  4779		  2379
2		5	10		3		B-2			P1			U		11	  96	  885	  1514		  1514
2		8	10		2		D-5			P1			U		10	  84	  837	  1562		  1562
2		11	10		2		D-2			P1			U		9	  72	  789	  1610		  1610
2		14	10		2		B-5			P1			U		8	  60	  741	  1658		  1658
2		17	10		2		B-2			P1			U		7	  48	  693	  1706		  1706
2		5	11		3		B-2			P1			V		11	  96	  213	  4586		  2186
2		8	11		2		D-5			P1			V		10	  84	  165	  4634		  2234
2		11	11		2		D-2			P1			V		9	  72	  117	  4682		  2282
2		14	11		2		B-5			P1			V		8	  60	  69	  4730		  2330
2		17	11		2		B-2			P1			V		7	  48	  21	  4778		  2378
2		5	12		3		B-2			P1			U		11	  96	  886	  1513		  1513
2		8	12		2		D-5			P1			U		10	  84	  838	  1561		  1561
2		11	12		2		D-2			P1			U		9	  72	  790	  1609		  1609
2		14	12		2		B-5			P1			U		8	  60	  742	  1657		  1657
2		17	12		2		B-2			P1			U		7	  48	  694	  1705		  1705
2		5	13		3		B-2			P1			V		11	  96	  214	  4585		  2185
2		8	13		2		D-5			P1			V		10	  84	  166	  4633		  2233
2		11	13		2		D-2			P1			V		9	  72	  118	  4681		  2281
2		14	13		2		B-5			P1			V		8	  60	  70	  4729		  2329
2		17	13		2		B-2			P1			V		7	  48	  22	  4777		  2377
2		5	14		3		B-2			P1			U		11	  96	  887	  1512		  1512
2		8	14		2		D-5			P1			U		10	  84	  839	  1560		  1560
2		11	14		2		D-2			P1			U		9	  72	  791	  1608		  1608
2		14	14		2		B-5			P1			U		8	  60	  743	  1656		  1656
2		17	14		2		B-2			P1			U		7	  48	  695	  1704		  1704
2		5	15		3		B-2			P1			V		11	  96	  215	  4584		  2184
2		8	15		2		D-5			P1			V		10	  84	  167	  4632		  2232
2		11	15		2		D-2			P1			V		9	  72	  119	  4680		  2280
2		14	15		2		B-5			P1			V		8	  60	  71	  4728		  2328
2		17	15		2		B-2			P1			V		7	  48	  23	  4776		  2376
2		4	32		3		A-3			P2			Y		11	  98	  448	  7807		  3007
2		7	32		2		C-6			P2			Y		10	  86	  352	  7903		  3103
2		10	32		2		C-3			P2			Y		9	  74	  256	  7999		  3199
2		13	32		2		A-6			P2			Y		8	  62	  160	  8095		  3295
2		16	32		2		A-3			P2			Y		7	  50	  64	  8191		  3391
2		4	33		3		A-3			P2			Y		11	  98	  449	  7806		  3006
2		7	33		2		C-6			P2			Y		10	  86	  353	  7902		  3102
2		10	33		2		C-3			P2			Y		9	  74	  257	  7998		  3198
2		13	33		2		A-6			P2			Y		8	  62	  161	  8094		  3294
2		16	33		2		A-3			P2			Y		7	  50	  65	  8190		  3390
2		4	34		3		A-3			P2			Y		11	  98	  450	  7805		  3005
2		7	34		2		C-6			P2			Y		10	  86	  354	  7901		  3101
2		10	34		2		C-3			P2			Y		9	  74	  258	  7997		  3197
2		13	34		2		A-6			P2			Y		8	  62	  162	  8093		  3293
2		16	34		2		A-3			P2			Y		7	  50	  66	  8189		  3389
2		4	35		3		A-3			P2			Y		11	  98	  451	  7804		  3004
2		7	35		2		C-6			P2			Y		10	  86	  355	  7900		  3100
2		10	35		2		C-3			P2			Y		9	  74	  259	  7996		  3196
2		13	35		2		A-6			P2			Y		8	  62	  163	  8092		  3292
2		16	35		2		A-3			P2			Y		7	  50	  67	  8188		  3388
2		4	36		3		A-3			P2			Y		11	  98	  452	  7803		  3003
2		7	36		2		C-6			P2			Y		10	  86	  356	  7899		  3099
2		10	36		2		C-3			P2			Y		9	  74	  260	  7995		  3195
2		13	36		2		A-6			P2			Y		8	  62	  164	  8091		  3291
2		16	36		2		A-3			P2			Y		7	  50	  68	  8187		  3387
2		4	37		3		A-3			P2			Y		11	  98	  453	  7802		  3002
2		7	37		2		C-6			P2			Y		10	  86	  357	  7898		  3098
2		10	37		2		C-3			P2			Y		9	  74	  261	  7994		  3194
2		13	37		2		A-6			P2			Y		8	  62	  165	  8090		  3290
2		16	37		2		A-3			P2			Y		7	  50	  69	  8186		  3386
2		4	38		3		A-3			P2			Y		11	  98	  454	  7801		  3001
2		7	38		2		C-6			P2			Y		10	  86	  358	  7897		  3097
2		10	38		2		C-3			P2			Y		9	  74	  262	  7993		  3193
2		13	38		2		A-6			P2			Y		8	  62	  166	  8089		  3289
2		16	38		2		A-3			P2			Y		7	  50	  70	  8185		  3385
2		4	39		3		A-3			P2			Y		11	  98	  455	  7800		  3000
2		7	39		2		C-6			P2			Y		10	  86	  359	  7896		  3096
2		10	39		2		C-3			P2			Y		9	  74	  263	  7992		  3192
2		13	39		2		A-6			P2			Y		8	  62	  167	  8088		  3288
2		16	39		2		A-3			P2			Y		7	  50	  71	  8184		  3384
2		4	40		3		A-3			P2			Y		11	  98	  456	  7799		  2999
2		7	40		2		C-6			P2			Y		10	  86	  360	  7895		  3095
2		10	40		2		C-3			P2			Y		9	  74	  264	  7991		  3191
2		13	40		2		A-6			P2			Y		8	  62	  168	  8087		  3287
2		16	40		2		A-3			P2			Y		7	  50	  72	  8183		  3383
2		4	41		3		A-3			P2			Y		11	  98	  457	  7798		  2998
2		7	41		2		C-6			P2			Y		10	  86	  361	  7894		  3094
2		10	41		2		C-3			P2			Y		9	  74	  265	  7990		  3190
2		13	41		2		A-6			P2			Y		8	  62	  169	  8086		  3286
2		16	41		2		A-3			P2			Y		7	  50	  73	  8182		  3382
2		4	42		3		A-3			P2			Y		11	  98	  458	  7797		  2997
2		7	42		2		C-6			P2			Y		10	  86	  362	  7893		  3093
2		10	42		2		C-3			P2			Y		9	  74	  266	  7989		  3189
2		13	42		2		A-6			P2			Y		8	  62	  170	  8085		  3285
2		16	42		2		A-3			P2			Y		7	  50	  74	  8181		  3381
2		4	43		3		A-3			P2			Y		11	  98	  459	  7796		  2996
2		7	43		2		C-6			P2			Y		10	  86	  363	  7892		  3092
2		10	43		2		C-3			P2			Y		9	  74	  267	  7988		  3188
2		13	43		2		A-6			P2			Y		8	  62	  171	  8084		  3284
2		16	43		2		A-3			P2			Y		7	  50	  75	  8180		  3380
2		4	44		3		A-3			P2			Y		11	  98	  460	  7795		  2995
2		7	44		2		C-6			P2			Y		10	  86	  364	  7891		  3091
2		10	44		2		C-3			P2			Y		9	  74	  268	  7987		  3187
2		13	44		2		A-6			P2			Y		8	  62	  172	  8083		  3283
2		16	44		2		A-3			P2			Y		7	  50	  76	  8179		  3379
2		4	45		3		A-3			P2			Y		11	  98	  461	  7794		  2994
2		7	45		2		C-6			P2			Y		10	  86	  365	  7890		  3090
2		10	45		2		C-3			P2			Y		9	  74	  269	  7986		  3186
2		13	45		2		A-6			P2			Y		8	  62	  173	  8082		  3282
2		16	45		2		A-3			P2			Y		7	  50	  77	  8178		  3378
2		4	46		3		A-3			P2			Y		11	  98	  462	  7793		  2993
2		7	46		2		C-6			P2			Y		10	  86	  366	  7889		  3089
2		10	46		2		C-3			P2			Y		9	  74	  270	  7985		  3185
2		13	46		2		A-6			P2			Y		8	  62	  174	  8081		  3281
2		16	46		2		A-3			P2			Y		7	  50	  78	  8177		  3377
2		4	47		3		A-3			P2			Y		11	  98	  463	  7792		  2992
2		7	47		2		C-6			P2			Y		10	  86	  367	  7888		  3088
2		10	47		2		C-3			P2			Y		9	  74	  271	  7984		  3184
2		13	47		2		A-6			P2			Y		8	  62	  175	  8080		  3280
2		16	47		2		A-3			P2			Y		7	  50	  79	  8176		  3376
2		4	48		3		A-3			P2			Y		11	  99	  464	  7791		  2991
2		7	48		2		C-6			P2			Y		10	  87	  368	  7887		  3087
2		10	48		2		C-3			P2			Y		9	  75	  272	  7983		  3183
2		13	48		2		A-6			P2			Y		8	  63	  176	  8079		  3279
2		16	48		2		A-3			P2			Y		7	  51	  80	  8175		  3375
2		4	49		3		A-3			P2			Y		11	  99	  465	  7790		  2990
2		7	49		2		C-6			P2			Y		10	  87	  369	  7886		  3086
2		10	49		2		C-3			P2			Y		9	  75	  273	  7982		  3182
2		13	49		2		A-6			P2			Y		8	  63	  177	  8078		  3278
2		16	49		2		A-3			P2			Y		7	  51	  81	  8174		  3374
2		4	50		3		A-3			P2			Y		11	  99	  466	  7789		  2989
2		7	50		2		C-6			P2			Y		10	  87	  370	  7885		  3085
2		10	50		2		C-3			P2			Y		9	  75	  274	  7981		  3181
2		13	50		2		A-6			P2			Y		8	  63	  178	  8077		  3277
2		16	50		2		A-3			P2			Y		7	  51	  82	  8173		  3373
2		4	51		3		A-3			P2			Y		11	  99	  467	  7788		  2988
2		7	51		2		C-6			P2			Y		10	  87	  371	  7884		  3084
2		10	51		2		C-3			P2			Y		9	  75	  275	  7980		  3180
2		13	51		2		A-6			P2			Y		8	  63	  179	  8076		  3276
2		16	51		2		A-3			P2			Y		7	  51	  83	  8172		  3372
2		4	52		3		A-3			P2			Y		11	  99	  468	  7787		  2987
2		7	52		2		C-6			P2			Y		10	  87	  372	  7883		  3083
2		10	52		2		C-3			P2			Y		9	  75	  276	  7979		  3179
2		13	52		2		A-6			P2			Y		8	  63	  180	  8075		  3275
2		16	52		2		A-3			P2			Y		7	  51	  84	  8171		  3371
2		4	53		3		A-3			P2			Y		11	  99	  469	  7786		  2986
2		7	53		2		C-6			P2			Y		10	  87	  373	  7882		  3082
2		10	53		2		C-3			P2			Y		9	  75	  277	  7978		  3178
2		13	53		2		A-6			P2			Y		8	  63	  181	  8074		  3274
2		16	53		2		A-3			P2			Y		7	  51	  85	  8170		  3370
2		4	54		3		A-3			P2			Y		11	  99	  470	  7785		  2985
2		7	54		2		C-6			P2			Y		10	  87	  374	  7881		  3081
2		10	54		2		C-3			P2			Y		9	  75	  278	  7977		  3177
2		13	54		2		A-6			P2			Y		8	  63	  182	  8073		  3273
2		16	54		2		A-3			P2			Y		7	  51	  86	  8169		  3369
2		4	55		3		A-3			P2			Y		11	  99	  471	  7784		  2984
2		7	55		2		C-6			P2			Y		10	  87	  375	  7880		  3080
2		10	55		2		C-3			P2			Y		9	  75	  279	  7976		  3176
2		13	55		2		A-6			P2			Y		8	  63	  183	  8072		  3272
2		16	55		2		A-3			P2			Y		7	  51	  87	  8168		  3368
2		4	56		3		A-3			P2			Y		11	  99	  472	  7783		  2983
2		7	56		2		C-6			P2			Y		10	  87	  376	  7879		  3079
2		10	56		2		C-3			P2			Y		9	  75	  280	  7975		  3175
2		13	56		2		A-6			P2			Y		8	  63	  184	  8071		  3271
2		16	56		2		A-3			P2			Y		7	  51	  88	  8167		  3367
2		4	57		3		A-3			P2			Y		11	  99	  473	  7782		  2982
2		7	57		2		C-6			P2			Y		10	  87	  377	  7878		  3078
2		10	57		2		C-3			P2			Y		9	  75	  281	  7974		  3174
2		13	57		2		A-6			P2			Y		8	  63	  185	  8070		  3270
2		16	57		2		A-3			P2			Y		7	  51	  89	  8166		  3366
2		4	58		3		A-3			P2			Y		11	  99	  474	  7781		  2981
2		7	58		2		C-6			P2			Y		10	  87	  378	  7877		  3077
2		10	58		2		C-3			P2			Y		9	  75	  282	  7973		  3173
2		13	58		2		A-6			P2			Y		8	  63	  186	  8069		  3269
2		16	58		2		A-3			P2			Y		7	  51	  90	  8165		  3365
2		4	59		3		A-3			P2			Y		11	  99	  475	  7780		  2980
2		7	59		2		C-6			P2			Y		10	  87	  379	  7876		  3076
2		10	59		2		C-3			P2			Y		9	  75	  283	  7972		  3172
2		13	59		2		A-6			P2			Y		8	  63	  187	  8068		  3268
2		16	59		2		A-3			P2			Y		7	  51	  91	  8164		  3364
2		4	60		3		A-3			P2			Y		11	  99	  476	  7779		  2979
2		7	60		2		C-6			P2			Y		10	  87	  380	  7875		  3075
2		10	60		2		C-3			P2			Y		9	  75	  284	  7971		  3171
2		13	60		2		A-6			P2			Y		8	  63	  188	  8067		  3267
2		16	60		2		A-3			P2			Y		7	  51	  92	  8163		  3363
2		4	61		3		A-3			P2			Y		11	  99	  477	  7778		  2978
2		7	61		2		C-6			P2			Y		10	  87	  381	  7874		  3074
2		10	61		2		C-3			P2			Y		9	  75	  285	  7970		  3170
2		13	61		2		A-6			P2			Y		8	  63	  189	  8066		  3266
2		16	61		2		A-3			P2			Y		7	  51	  93	  8162		  3362
2		4	62		3		A-3			P2			Y		11	  99	  478	  7777		  2977
2		7	62		2		C-6			P2			Y		10	  87	  382	  7873		  3073
2		10	62		2		C-3			P2			Y		9	  75	  286	  7969		  3169
2		13	62		2		A-6			P2			Y		8	  63	  190	  8065		  3265
2		16	62		2		A-3			P2			Y		7	  51	  94	  8161		  3361
2		4	63		3		A-3			P2			Y		11	  99	  479	  7776		  2976
2		7	63		2		C-6			P2			Y		10	  87	  383	  7872		  3072
2		10	63		2		C-3			P2			Y		9	  75	  287	  7968		  3168
2		13	63		2		A-6			P2			Y		8	  63	  191	  8064		  3264
2		16	63		2		A-3			P2			Y		7	  51	  95	  8160		  3360
2		4	16		3		B-3			P1			U		11	  101	  904	  1495		  1495
2		7	16		2		D-6			P1			U		10	  89	  856	  1543		  1543
2		10	16		2		D-3			P1			U		9	  77	  808	  1591		  1591
2		13	16		2		B-6			P1			U		8	  65	  760	  1639		  1639
2		16	16		2		B-3			P1			U		7	  53	  712	  1687		  1687
2		4	17		3		B-3			P1			V		11	  101	  232	  4567		  2167
2		7	17		2		D-6			P1			V		10	  89	  184	  4615		  2215
2		10	17		2		D-3			P1			V		9	  77	  136	  4663		  2263
2		13	17		2		B-6			P1			V		8	  65	  88	  4711		  2311
2		16	17		2		B-3			P1			V		7	  53	  40	  4759		  2359
2		4	18		3		B-3			P1			U		11	  101	  905	  1494		  1494
2		7	18		2		D-6			P1			U		10	  89	  857	  1542		  1542
2		10	18		2		D-3			P1			U		9	  77	  809	  1590		  1590
2		13	18		2		B-6			P1			U		8	  65	  761	  1638		  1638
2		16	18		2		B-3			P1			U		7	  53	  713	  1686		  1686
2		4	19		3		B-3			P1			V		11	  101	  233	  4566		  2166
2		7	19		2		D-6			P1			V		10	  89	  185	  4614		  2214
2		10	19		2		D-3			P1			V		9	  77	  137	  4662		  2262
2		13	19		2		B-6			P1			V		8	  65	  89	  4710		  2310
2		16	19		2		B-3			P1			V		7	  53	  41	  4758		  2358
2		4	20		3		B-3			P1			U		11	  101	  906	  1493		  1493
2		7	20		2		D-6			P1			U		10	  89	  858	  1541		  1541
2		10	20		2		D-3			P1			U		9	  77	  810	  1589		  1589
2		13	20		2		B-6			P1			U		8	  65	  762	  1637		  1637
2		16	20		2		B-3			P1			U		7	  53	  714	  1685		  1685
2		4	21		3		B-3			P1			V		11	  101	  234	  4565		  2165
2		7	21		2		D-6			P1			V		10	  89	  186	  4613		  2213
2		10	21		2		D-3			P1			V		9	  77	  138	  4661		  2261
2		13	21		2		B-6			P1			V		8	  65	  90	  4709		  2309
2		16	21		2		B-3			P1			V		7	  53	  42	  4757		  2357
2		4	22		3		B-3			P1			U		11	  101	  907	  1492		  1492
2		7	22		2		D-6			P1			U		10	  89	  859	  1540		  1540
2		10	22		2		D-3			P1			U		9	  77	  811	  1588		  1588
2		13	22		2		B-6			P1			U		8	  65	  763	  1636		  1636
2		16	22		2		B-3			P1			U		7	  53	  715	  1684		  1684
2		4	23		3		B-3			P1			V		11	  101	  235	  4564		  2164
2		7	23		2		D-6			P1			V		10	  89	  187	  4612		  2212
2		10	23		2		D-3			P1			V		9	  77	  139	  4660		  2260
2		13	23		2		B-6			P1			V		8	  65	  91	  4708		  2308
2		16	23		2		B-3			P1			V		7	  53	  43	  4756		  2356
2		4	24		3		B-3			P1			U		11	  101	  908	  1491		  1491
2		7	24		2		D-6			P1			U		10	  89	  860	  1539		  1539
2		10	24		2		D-3			P1			U		9	  77	  812	  1587		  1587
2		13	24		2		B-6			P1			U		8	  65	  764	  1635		  1635
2		16	24		2		B-3			P1			U		7	  53	  716	  1683		  1683
2		4	25		3		B-3			P1			V		11	  101	  236	  4563		  2163
2		7	25		2		D-6			P1			V		10	  89	  188	  4611		  2211
2		10	25		2		D-3			P1			V		9	  77	  140	  4659		  2259
2		13	25		2		B-6			P1			V		8	  65	  92	  4707		  2307
2		16	25		2		B-3			P1			V		7	  53	  44	  4755		  2355
2		4	26		3		B-3			P1			U		11	  101	  909	  1490		  1490
2		7	26		2		D-6			P1			U		10	  89	  861	  1538		  1538
2		10	26		2		D-3			P1			U		9	  77	  813	  1586		  1586
2		13	26		2		B-6			P1			U		8	  65	  765	  1634		  1634
2		16	26		2		B-3			P1			U		7	  53	  717	  1682		  1682
2		4	27		3		B-3			P1			V		11	  101	  237	  4562		  2162
2		7	27		2		D-6			P1			V		10	  89	  189	  4610		  2210
2		10	27		2		D-3			P1			V		9	  77	  141	  4658		  2258
2		13	27		2		B-6			P1			V		8	  65	  93	  4706		  2306
2		16	27		2		B-3			P1			V		7	  53	  45	  4754		  2354
2		4	28		3		B-3			P1			U		11	  101	  910	  1489		  1489
2		7	28		2		D-6			P1			U		10	  89	  862	  1537		  1537
2		10	28		2		D-3			P1			U		9	  77	  814	  1585		  1585
2		13	28		2		B-6			P1			U		8	  65	  766	  1633		  1633
2		16	28		2		B-3			P1			U		7	  53	  718	  1681		  1681
2		4	29		3		B-3			P1			V		11	  101	  238	  4561		  2161
2		7	29		2		D-6			P1			V		10	  89	  190	  4609		  2209
2		10	29		2		D-3			P1			V		9	  77	  142	  4657		  2257
2		13	29		2		B-6			P1			V		8	  65	  94	  4705		  2305
2		16	29		2		B-3			P1			V		7	  53	  46	  4753		  2353
2		4	30		3		B-3			P1			U		11	  101	  911	  1488		  1488
2		7	30		2		D-6			P1			U		10	  89	  863	  1536		  1536
2		10	30		2		D-3			P1			U		9	  77	  815	  1584		  1584
2		13	30		2		B-6			P1			U		8	  65	  767	  1632		  1632
2		16	30		2		B-3			P1			U		7	  53	  719	  1680		  1680
2		4	31		3		B-3			P1			V		11	  101	  239	  4560		  2160
2		7	31		2		D-6			P1			V		10	  89	  191	  4608		  2208
2		10	31		2		D-3			P1			V		9	  77	  143	  4656		  2256
2		13	31		2		B-6			P1			V		8	  65	  95	  4704		  2304
2		16	31		2		B-3			P1			V		7	  53	  47	  4752		  2352
2		4	0		3		B-3			P1			U		11	  100	  896	  1503		  1503
2		7	0		2		D-6			P1			U		10	  88	  848	  1551		  1551
2		10	0		2		D-3			P1			U		9	  76	  800	  1599		  1599
2		13	0		2		B-6			P1			U		8	  64	  752	  1647		  1647
2		16	0		2		B-3			P1			U		7	  52	  704	  1695		  1695
2		4	1		3		B-3			P1			V		11	  100	  224	  4575		  2175
2		7	1		2		D-6			P1			V		10	  88	  176	  4623		  2223
2		10	1		2		D-3			P1			V		9	  76	  128	  4671		  2271
2		13	1		2		B-6			P1			V		8	  64	  80	  4719		  2319
2		16	1		2		B-3			P1			V		7	  52	  32	  4767		  2367
2		4	2		3		B-3			P1			U		11	  100	  897	  1502		  1502
2		7	2		2		D-6			P1			U		10	  88	  849	  1550		  1550
2		10	2		2		D-3			P1			U		9	  76	  801	  1598		  1598
2		13	2		2		B-6			P1			U		8	  64	  753	  1646		  1646
2		16	2		2		B-3			P1			U		7	  52	  705	  1694		  1694
2		4	3		3		B-3			P1			V		11	  100	  225	  4574		  2174
2		7	3		2		D-6			P1			V		10	  88	  177	  4622		  2222
2		10	3		2		D-3			P1			V		9	  76	  129	  4670		  2270
2		13	3		2		B-6			P1			V		8	  64	  81	  4718		  2318
2		16	3		2		B-3			P1			V		7	  52	  33	  4766		  2366
2		4	4		3		B-3			P1			U		11	  100	  898	  1501		  1501
2		7	4		2		D-6			P1			U		10	  88	  850	  1549		  1549
2		10	4		2		D-3			P1			U		9	  76	  802	  1597		  1597
2		13	4		2		B-6			P1			U		8	  64	  754	  1645		  1645
2		16	4		2		B-3			P1			U		7	  52	  706	  1693		  1693
2		4	5		3		B-3			P1			V		11	  100	  226	  4573		  2173
2		7	5		2		D-6			P1			V		10	  88	  178	  4621		  2221
2		10	5		2		D-3			P1			V		9	  76	  130	  4669		  2269
2		13	5		2		B-6			P1			V		8	  64	  82	  4717		  2317
2		16	5		2		B-3			P1			V		7	  52	  34	  4765		  2365
2		4	6		3		B-3			P1			U		11	  100	  899	  1500		  1500
2		7	6		2		D-6			P1			U		10	  88	  851	  1548		  1548
2		10	6		2		D-3			P1			U		9	  76	  803	  1596		  1596
2		13	6		2		B-6			P1			U		8	  64	  755	  1644		  1644
2		16	6		2		B-3			P1			U		7	  52	  707	  1692		  1692
2		4	7		3		B-3			P1			V		11	  100	  227	  4572		  2172
2		7	7		2		D-6			P1			V		10	  88	  179	  4620		  2220
2		10	7		2		D-3			P1			V		9	  76	  131	  4668		  2268
2		13	7		2		B-6			P1			V		8	  64	  83	  4716		  2316
2		16	7		2		B-3			P1			V		7	  52	  35	  4764		  2364
2		4	8		3		B-3			P1			U		11	  100	  900	  1499		  1499
2		7	8		2		D-6			P1			U		10	  88	  852	  1547		  1547
2		10	8		2		D-3			P1			U		9	  76	  804	  1595		  1595
2		13	8		2		B-6			P1			U		8	  64	  756	  1643		  1643
2		16	8		2		B-3			P1			U		7	  52	  708	  1691		  1691
2		4	9		3		B-3			P1			V		11	  100	  228	  4571		  2171
2		7	9		2		D-6			P1			V		10	  88	  180	  4619		  2219
2		10	9		2		D-3			P1			V		9	  76	  132	  4667		  2267
2		13	9		2		B-6			P1			V		8	  64	  84	  4715		  2315
2		16	9		2		B-3			P1			V		7	  52	  36	  4763		  2363
2		4	10		3		B-3			P1			U		11	  100	  901	  1498		  1498
2		7	10		2		D-6			P1			U		10	  88	  853	  1546		  1546
2		10	10		2		D-3			P1			U		9	  76	  805	  1594		  1594
2		13	10		2		B-6			P1			U		8	  64	  757	  1642		  1642
2		16	10		2		B-3			P1			U		7	  52	  709	  1690		  1690
2		4	11		3		B-3			P1			V		11	  100	  229	  4570		  2170
2		7	11		2		D-6			P1			V		10	  88	  181	  4618		  2218
2		10	11		2		D-3			P1			V		9	  76	  133	  4666		  2266
2		13	11		2		B-6			P1			V		8	  64	  85	  4714		  2314
2		16	11		2		B-3			P1			V		7	  52	  37	  4762		  2362
2		4	12		3		B-3			P1			U		11	  100	  902	  1497		  1497
2		7	12		2		D-6			P1			U		10	  88	  854	  1545		  1545
2		10	12		2		D-3			P1			U		9	  76	  806	  1593		  1593
2		13	12		2		B-6			P1			U		8	  64	  758	  1641		  1641
2		16	12		2		B-3			P1			U		7	  52	  710	  1689		  1689
2		4	13		3		B-3			P1			V		11	  100	  230	  4569		  2169
2		7	13		2		D-6			P1			V		10	  88	  182	  4617		  2217
2		10	13		2		D-3			P1			V		9	  76	  134	  4665		  2265
2		13	13		2		B-6			P1			V		8	  64	  86	  4713		  2313
2		16	13		2		B-3			P1			V		7	  52	  38	  4761		  2361
2		4	14		3		B-3			P1			U		11	  100	  903	  1496		  1496
2		7	14		2		D-6			P1			U		10	  88	  855	  1544		  1544
2		10	14		2		D-3			P1			U		9	  76	  807	  1592		  1592
2		13	14		2		B-6			P1			U		8	  64	  759	  1640		  1640
2		16	14		2		B-3			P1			U		7	  52	  711	  1688		  1688
2		4	15		3		B-3			P1			V		11	  100	  231	  4568		  2168
2		7	15		2		D-6			P1			V		10	  88	  183	  4616		  2216
2		10	15		2		D-3			P1			V		9	  76	  135	  4664		  2264
2		13	15		2		B-6			P1			V		8	  64	  87	  4712		  2312
2		16	15		2		B-3			P1			V		7	  52	  39	  4760		  2360
