crate_id	slot	fem_channel	feedthru	faraday_cage_connector	adcreceiver_topbot	wireplane	mboard_id asic_id wirenum larsoft_channel larsoft_wirenum
5		6	32		6		C-4			P2			Y		26	  270	  1824	  6431		  1631
5		9	32		6		C-1			P2			Y		25	  258	  1728	  6527		  1727
5		12	32		6		A-4			P2			Y		24	  246	  1632	  6623		  1823
5		15	32		6		A-1			P2			Y		23	  234	  1536	  6719		  1919
5		18	32		5		C-4			P2			Y		22	  222	  1440	  6815		  2015
5		6	33		6		C-4			P2			Y		26	  270	  1825	  6430		  1630
5		9	33		6		C-1			P2			Y		25	  258	  1729	  6526		  1726
5		12	33		6		A-4			P2			Y		24	  246	  1633	  6622		  1822
5		15	33		6		A-1			P2			Y		23	  234	  1537	  6718		  1918
5		18	33		5		C-4			P2			Y		22	  222	  1441	  6814		  2014
5		6	34		6		C-4			P2			Y		26	  270	  1826	  6429		  1629
5		9	34		6		C-1			P2			Y		25	  258	  1730	  6525		  1725
5		12	34		6		A-4			P2			Y		24	  246	  1634	  6621		  1821
5		15	34		6		A-1			P2			Y		23	  234	  1538	  6717		  1917
5		18	34		5		C-4			P2			Y		22	  222	  1442	  6813		  2013
5		6	35		6		C-4			P2			Y		26	  270	  1827	  6428		  1628
5		9	35		6		C-1			P2			Y		25	  258	  1731	  6524		  1724
5		12	35		6		A-4			P2			Y		24	  246	  1635	  6620		  1820
5		15	35		6		A-1			P2			Y		23	  234	  1539	  6716		  1916
5		18	35		5		C-4			P2			Y		22	  222	  1443	  6812		  2012
5		6	36		6		C-4			P2			Y		26	  270	  1828	  6427		  1627
5		9	36		6		C-1			P2			Y		25	  258	  1732	  6523		  1723
5		12	36		6		A-4			P2			Y		24	  246	  1636	  6619		  1819
5		15	36		6		A-1			P2			Y		23	  234	  1540	  6715		  1915
5		18	36		5		C-4			P2			Y		22	  222	  1444	  6811		  2011
5		6	37		6		C-4			P2			Y		26	  270	  1829	  6426		  1626
5		9	37		6		C-1			P2			Y		25	  258	  1733	  6522		  1722
5		12	37		6		A-4			P2			Y		24	  246	  1637	  6618		  1818
5		15	37		6		A-1			P2			Y		23	  234	  1541	  6714		  1914
5		18	37		5		C-4			P2			Y		22	  222	  1445	  6810		  2010
5		6	38		6		C-4			P2			Y		26	  270	  1830	  6425		  1625
5		9	38		6		C-1			P2			Y		25	  258	  1734	  6521		  1721
5		12	38		6		A-4			P2			Y		24	  246	  1638	  6617		  1817
5		15	38		6		A-1			P2			Y		23	  234	  1542	  6713		  1913
5		18	38		5		C-4			P2			Y		22	  222	  1446	  6809		  2009
5		6	39		6		C-4			P2			Y		26	  270	  1831	  6424		  1624
5		9	39		6		C-1			P2			Y		25	  258	  1735	  6520		  1720
5		12	39		6		A-4			P2			Y		24	  246	  1639	  6616		  1816
5		15	39		6		A-1			P2			Y		23	  234	  1543	  6712		  1912
5		18	39		5		C-4			P2			Y		22	  222	  1447	  6808		  2008
5		6	40		6		C-4			P2			Y		26	  270	  1832	  6423		  1623
5		9	40		6		C-1			P2			Y		25	  258	  1736	  6519		  1719
5		12	40		6		A-4			P2			Y		24	  246	  1640	  6615		  1815
5		15	40		6		A-1			P2			Y		23	  234	  1544	  6711		  1911
5		18	40		5		C-4			P2			Y		22	  222	  1448	  6807		  2007
5		6	41		6		C-4			P2			Y		26	  270	  1833	  6422		  1622
5		9	41		6		C-1			P2			Y		25	  258	  1737	  6518		  1718
5		12	41		6		A-4			P2			Y		24	  246	  1641	  6614		  1814
5		15	41		6		A-1			P2			Y		23	  234	  1545	  6710		  1910
5		18	41		5		C-4			P2			Y		22	  222	  1449	  6806		  2006
5		6	42		6		C-4			P2			Y		26	  270	  1834	  6421		  1621
5		9	42		6		C-1			P2			Y		25	  258	  1738	  6517		  1717
5		12	42		6		A-4			P2			Y		24	  246	  1642	  6613		  1813
5		15	42		6		A-1			P2			Y		23	  234	  1546	  6709		  1909
5		18	42		5		C-4			P2			Y		22	  222	  1450	  6805		  2005
5		6	43		6		C-4			P2			Y		26	  270	  1835	  6420		  1620
5		9	43		6		C-1			P2			Y		25	  258	  1739	  6516		  1716
5		12	43		6		A-4			P2			Y		24	  246	  1643	  6612		  1812
5		15	43		6		A-1			P2			Y		23	  234	  1547	  6708		  1908
5		18	43		5		C-4			P2			Y		22	  222	  1451	  6804		  2004
5		6	44		6		C-4			P2			Y		26	  270	  1836	  6419		  1619
5		9	44		6		C-1			P2			Y		25	  258	  1740	  6515		  1715
5		12	44		6		A-4			P2			Y		24	  246	  1644	  6611		  1811
5		15	44		6		A-1			P2			Y		23	  234	  1548	  6707		  1907
5		18	44		5		C-4			P2			Y		22	  222	  1452	  6803		  2003
5		6	45		6		C-4			P2			Y		26	  270	  1837	  6418		  1618
5		9	45		6		C-1			P2			Y		25	  258	  1741	  6514		  1714
5		12	45		6		A-4			P2			Y		24	  246	  1645	  6610		  1810
5		15	45		6		A-1			P2			Y		23	  234	  1549	  6706		  1906
5		18	45		5		C-4			P2			Y		22	  222	  1453	  6802		  2002
5		6	46		6		C-4			P2			Y		26	  270	  1838	  6417		  1617
5		9	46		6		C-1			P2			Y		25	  258	  1742	  6513		  1713
5		12	46		6		A-4			P2			Y		24	  246	  1646	  6609		  1809
5		15	46		6		A-1			P2			Y		23	  234	  1550	  6705		  1905
5		18	46		5		C-4			P2			Y		22	  222	  1454	  6801		  2001
5		6	47		6		C-4			P2			Y		26	  270	  1839	  6416		  1616
5		9	47		6		C-1			P2			Y		25	  258	  1743	  6512		  1712
5		12	47		6		A-4			P2			Y		24	  246	  1647	  6608		  1808
5		15	47		6		A-1			P2			Y		23	  234	  1551	  6704		  1904
5		18	47		5		C-4			P2			Y		22	  222	  1455	  6800		  2000
5		6	48		6		C-4			P2			Y		26	  271	  1840	  6415		  1615
5		9	48		6		C-1			P2			Y		25	  259	  1744	  6511		  1711
5		12	48		6		A-4			P2			Y		24	  247	  1648	  6607		  1807
5		15	48		6		A-1			P2			Y		23	  235	  1552	  6703		  1903
5		18	48		5		C-4			P2			Y		22	  223	  1456	  6799		  1999
5		6	49		6		C-4			P2			Y		26	  271	  1841	  6414		  1614
5		9	49		6		C-1			P2			Y		25	  259	  1745	  6510		  1710
5		12	49		6		A-4			P2			Y		24	  247	  1649	  6606		  1806
5		15	49		6		A-1			P2			Y		23	  235	  1553	  6702		  1902
5		18	49		5		C-4			P2			Y		22	  223	  1457	  6798		  1998
5		6	50		6		C-4			P2			Y		26	  271	  1842	  6413		  1613
5		9	50		6		C-1			P2			Y		25	  259	  1746	  6509		  1709
5		12	50		6		A-4			P2			Y		24	  247	  1650	  6605		  1805
5		15	50		6		A-1			P2			Y		23	  235	  1554	  6701		  1901
5		18	50		5		C-4			P2			Y		22	  223	  1458	  6797		  1997
5		6	51		6		C-4			P2			Y		26	  271	  1843	  6412		  1612
5		9	51		6		C-1			P2			Y		25	  259	  1747	  6508		  1708
5		12	51		6		A-4			P2			Y		24	  247	  1651	  6604		  1804
5		15	51		6		A-1			P2			Y		23	  235	  1555	  6700		  1900
5		18	51		5		C-4			P2			Y		22	  223	  1459	  6796		  1996
5		6	52		6		C-4			P2			Y		26	  271	  1844	  6411		  1611
5		9	52		6		C-1			P2			Y		25	  259	  1748	  6507		  1707
5		12	52		6		A-4			P2			Y		24	  247	  1652	  6603		  1803
5		15	52		6		A-1			P2			Y		23	  235	  1556	  6699		  1899
5		18	52		5		C-4			P2			Y		22	  223	  1460	  6795		  1995
5		6	53		6		C-4			P2			Y		26	  271	  1845	  6410		  1610
5		9	53		6		C-1			P2			Y		25	  259	  1749	  6506		  1706
5		12	53		6		A-4			P2			Y		24	  247	  1653	  6602		  1802
5		15	53		6		A-1			P2			Y		23	  235	  1557	  6698		  1898
5		18	53		5		C-4			P2			Y		22	  223	  1461	  6794		  1994
5		6	54		6		C-4			P2			Y		26	  271	  1846	  6409		  1609
5		9	54		6		C-1			P2			Y		25	  259	  1750	  6505		  1705
5		12	54		6		A-4			P2			Y		24	  247	  1654	  6601		  1801
5		15	54		6		A-1			P2			Y		23	  235	  1558	  6697		  1897
5		18	54		5		C-4			P2			Y		22	  223	  1462	  6793		  1993
5		6	55		6		C-4			P2			Y		26	  271	  1847	  6408		  1608
5		9	55		6		C-1			P2			Y		25	  259	  1751	  6504		  1704
5		12	55		6		A-4			P2			Y		24	  247	  1655	  6600		  1800
5		15	55		6		A-1			P2			Y		23	  235	  1559	  6696		  1896
5		18	55		5		C-4			P2			Y		22	  223	  1463	  6792		  1992
5		6	56		6		C-4			P2			Y		26	  271	  1848	  6407		  1607
5		9	56		6		C-1			P2			Y		25	  259	  1752	  6503		  1703
5		12	56		6		A-4			P2			Y		24	  247	  1656	  6599		  1799
5		15	56		6		A-1			P2			Y		23	  235	  1560	  6695		  1895
5		18	56		5		C-4			P2			Y		22	  223	  1464	  6791		  1991
5		6	57		6		C-4			P2			Y		26	  271	  1849	  6406		  1606
5		9	57		6		C-1			P2			Y		25	  259	  1753	  6502		  1702
5		12	57		6		A-4			P2			Y		24	  247	  1657	  6598		  1798
5		15	57		6		A-1			P2			Y		23	  235	  1561	  6694		  1894
5		18	57		5		C-4			P2			Y		22	  223	  1465	  6790		  1990
5		6	58		6		C-4			P2			Y		26	  271	  1850	  6405		  1605
5		9	58		6		C-1			P2			Y		25	  259	  1754	  6501		  1701
5		12	58		6		A-4			P2			Y		24	  247	  1658	  6597		  1797
5		15	58		6		A-1			P2			Y		23	  235	  1562	  6693		  1893
5		18	58		5		C-4			P2			Y		22	  223	  1466	  6789		  1989
5		6	59		6		C-4			P2			Y		26	  271	  1851	  6404		  1604
5		9	59		6		C-1			P2			Y		25	  259	  1755	  6500		  1700
5		12	59		6		A-4			P2			Y		24	  247	  1659	  6596		  1796
5		15	59		6		A-1			P2			Y		23	  235	  1563	  6692		  1892
5		18	59		5		C-4			P2			Y		22	  223	  1467	  6788		  1988
5		6	60		6		C-4			P2			Y		26	  271	  1852	  6403		  1603
5		9	60		6		C-1			P2			Y		25	  259	  1756	  6499		  1699
5		12	60		6		A-4			P2			Y		24	  247	  1660	  6595		  1795
5		15	60		6		A-1			P2			Y		23	  235	  1564	  6691		  1891
5		18	60		5		C-4			P2			Y		22	  223	  1468	  6787		  1987
5		6	61		6		C-4			P2			Y		26	  271	  1853	  6402		  1602
5		9	61		6		C-1			P2			Y		25	  259	  1757	  6498		  1698
5		12	61		6		A-4			P2			Y		24	  247	  1661	  6594		  1794
5		15	61		6		A-1			P2			Y		23	  235	  1565	  6690		  1890
5		18	61		5		C-4			P2			Y		22	  223	  1469	  6786		  1986
5		6	62		6		C-4			P2			Y		26	  271	  1854	  6401		  1601
5		9	62		6		C-1			P2			Y		25	  259	  1758	  6497		  1697
5		12	62		6		A-4			P2			Y		24	  247	  1662	  6593		  1793
5		15	62		6		A-1			P2			Y		23	  235	  1566	  6689		  1889
5		18	62		5		C-4			P2			Y		22	  223	  1470	  6785		  1985
5		6	63		6		C-4			P2			Y		26	  271	  1855	  6400		  1600
5		9	63		6		C-1			P2			Y		25	  259	  1759	  6496		  1696
5		12	63		6		A-4			P2			Y		24	  247	  1663	  6592		  1792
5		15	63		6		A-1			P2			Y		23	  235	  1567	  6688		  1888
5		18	63		5		C-4			P2			Y		22	  223	  1471	  6784		  1984
5		6	16		6		D-4			P1			U		26	  273	  1592	  807		  807
5		9	16		6		D-1			P1			U		25	  261	  1544	  855		  855
5		12	16		6		B-4			P1			U		24	  249	  1496	  903		  903
5		15	16		6		B-1			P1			U		23	  237	  1448	  951		  951
5		18	16		5		D-4			P1			U		22	  225	  1400	  999		  999
5		6	17		6		D-4			P1			V		26	  273	  920	  3879		  1479
5		9	17		6		D-1			P1			V		25	  261	  872	  3927		  1527
5		12	17		6		B-4			P1			V		24	  249	  824	  3975		  1575
5		15	17		6		B-1			P1			V		23	  237	  776	  4023		  1623
5		18	17		5		D-4			P1			V		22	  225	  728	  4071		  1671
5		6	18		6		D-4			P1			U		26	  273	  1593	  806		  806
5		9	18		6		D-1			P1			U		25	  261	  1545	  854		  854
5		12	18		6		B-4			P1			U		24	  249	  1497	  902		  902
5		15	18		6		B-1			P1			U		23	  237	  1449	  950		  950
5		18	18		5		D-4			P1			U		22	  225	  1401	  998		  998
5		6	19		6		D-4			P1			V		26	  273	  921	  3878		  1478
5		9	19		6		D-1			P1			V		25	  261	  873	  3926		  1526
5		12	19		6		B-4			P1			V		24	  249	  825	  3974		  1574
5		15	19		6		B-1			P1			V		23	  237	  777	  4022		  1622
5		18	19		5		D-4			P1			V		22	  225	  729	  4070		  1670
5		6	20		6		D-4			P1			U		26	  273	  1594	  805		  805
5		9	20		6		D-1			P1			U		25	  261	  1546	  853		  853
5		12	20		6		B-4			P1			U		24	  249	  1498	  901		  901
5		15	20		6		B-1			P1			U		23	  237	  1450	  949		  949
5		18	20		5		D-4			P1			U		22	  225	  1402	  997		  997
5		6	21		6		D-4			P1			V		26	  273	  922	  3877		  1477
5		9	21		6		D-1			P1			V		25	  261	  874	  3925		  1525
5		12	21		6		B-4			P1			V		24	  249	  826	  3973		  1573
5		15	21		6		B-1			P1			V		23	  237	  778	  4021		  1621
5		18	21		5		D-4			P1			V		22	  225	  730	  4069		  1669
5		6	22		6		D-4			P1			U		26	  273	  1595	  804		  804
5		9	22		6		D-1			P1			U		25	  261	  1547	  852		  852
5		12	22		6		B-4			P1			U		24	  249	  1499	  900		  900
5		15	22		6		B-1			P1			U		23	  237	  1451	  948		  948
5		18	22		5		D-4			P1			U		22	  225	  1403	  996		  996
5		6	23		6		D-4			P1			V		26	  273	  923	  3876		  1476
5		9	23		6		D-1			P1			V		25	  261	  875	  3924		  1524
5		12	23		6		B-4			P1			V		24	  249	  827	  3972		  1572
5		15	23		6		B-1			P1			V		23	  237	  779	  4020		  1620
5		18	23		5		D-4			P1			V		22	  225	  731	  4068		  1668
5		6	24		6		D-4			P1			U		26	  273	  1596	  803		  803
5		9	24		6		D-1			P1			U		25	  261	  1548	  851		  851
5		12	24		6		B-4			P1			U		24	  249	  1500	  899		  899
5		15	24		6		B-1			P1			U		23	  237	  1452	  947		  947
5		18	24		5		D-4			P1			U		22	  225	  1404	  995		  995
5		6	25		6		D-4			P1			V		26	  273	  924	  3875		  1475
5		9	25		6		D-1			P1			V		25	  261	  876	  3923		  1523
5		12	25		6		B-4			P1			V		24	  249	  828	  3971		  1571
5		15	25		6		B-1			P1			V		23	  237	  780	  4019		  1619
5		18	25		5		D-4			P1			V		22	  225	  732	  4067		  1667
5		6	26		6		D-4			P1			U		26	  273	  1597	  802		  802
5		9	26		6		D-1			P1			U		25	  261	  1549	  850		  850
5		12	26		6		B-4			P1			U		24	  249	  1501	  898		  898
5		15	26		6		B-1			P1			U		23	  237	  1453	  946		  946
5		18	26		5		D-4			P1			U		22	  225	  1405	  994		  994
5		6	27		6		D-4			P1			V		26	  273	  925	  3874		  1474
5		9	27		6		D-1			P1			V		25	  261	  877	  3922		  1522
5		12	27		6		B-4			P1			V		24	  249	  829	  3970		  1570
5		15	27		6		B-1			P1			V		23	  237	  781	  4018		  1618
5		18	27		5		D-4			P1			V		22	  225	  733	  4066		  1666
5		6	28		6		D-4			P1			U		26	  273	  1598	  801		  801
5		9	28		6		D-1			P1			U		25	  261	  1550	  849		  849
5		12	28		6		B-4			P1			U		24	  249	  1502	  897		  897
5		15	28		6		B-1			P1			U		23	  237	  1454	  945		  945
5		18	28		5		D-4			P1			U		22	  225	  1406	  993		  993
5		6	29		6		D-4			P1			V		26	  273	  926	  3873		  1473
5		9	29		6		D-1			P1			V		25	  261	  878	  3921		  1521
5		12	29		6		B-4			P1			V		24	  249	  830	  3969		  1569
5		15	29		6		B-1			P1			V		23	  237	  782	  4017		  1617
5		18	29		5		D-4			P1			V		22	  225	  734	  4065		  1665
5		6	30		6		D-4			P1			U		26	  273	  1599	  800		  800
5		9	30		6		D-1			P1			U		25	  261	  1551	  848		  848
5		12	30		6		B-4			P1			U		24	  249	  1503	  896		  896
5		15	30		6		B-1			P1			U		23	  237	  1455	  944		  944
5		18	30		5		D-4			P1			U		22	  225	  1407	  992		  992
5		6	31		6		D-4			P1			V		26	  273	  927	  3872		  1472
5		9	31		6		D-1			P1			V		25	  261	  879	  3920		  1520
5		12	31		6		B-4			P1			V		24	  249	  831	  3968		  1568
5		15	31		6		B-1			P1			V		23	  237	  783	  4016		  1616
5		18	31		5		D-4			P1			V		22	  225	  735	  4064		  1664
5		6	0		6		D-4			P1			U		26	  272	  1584	  815		  815
5		9	0		6		D-1			P1			U		25	  260	  1536	  863		  863
5		12	0		6		B-4			P1			U		24	  248	  1488	  911		  911
5		15	0		6		B-1			P1			U		23	  236	  1440	  959		  959
5		18	0		5		D-4			P1			U		22	  224	  1392	  1007		  1007
5		6	1		6		D-4			P1			V		26	  272	  912	  3887		  1487
5		9	1		6		D-1			P1			V		25	  260	  864	  3935		  1535
5		12	1		6		B-4			P1			V		24	  248	  816	  3983		  1583
5		15	1		6		B-1			P1			V		23	  236	  768	  4031		  1631
5		18	1		5		D-4			P1			V		22	  224	  720	  4079		  1679
5		6	2		6		D-4			P1			U		26	  272	  1585	  814		  814
5		9	2		6		D-1			P1			U		25	  260	  1537	  862		  862
5		12	2		6		B-4			P1			U		24	  248	  1489	  910		  910
5		15	2		6		B-1			P1			U		23	  236	  1441	  958		  958
5		18	2		5		D-4			P1			U		22	  224	  1393	  1006		  1006
5		6	3		6		D-4			P1			V		26	  272	  913	  3886		  1486
5		9	3		6		D-1			P1			V		25	  260	  865	  3934		  1534
5		12	3		6		B-4			P1			V		24	  248	  817	  3982		  1582
5		15	3		6		B-1			P1			V		23	  236	  769	  4030		  1630
5		18	3		5		D-4			P1			V		22	  224	  721	  4078		  1678
5		6	4		6		D-4			P1			U		26	  272	  1586	  813		  813
5		9	4		6		D-1			P1			U		25	  260	  1538	  861		  861
5		12	4		6		B-4			P1			U		24	  248	  1490	  909		  909
5		15	4		6		B-1			P1			U		23	  236	  1442	  957		  957
5		18	4		5		D-4			P1			U		22	  224	  1394	  1005		  1005
5		6	5		6		D-4			P1			V		26	  272	  914	  3885		  1485
5		9	5		6		D-1			P1			V		25	  260	  866	  3933		  1533
5		12	5		6		B-4			P1			V		24	  248	  818	  3981		  1581
5		15	5		6		B-1			P1			V		23	  236	  770	  4029		  1629
5		18	5		5		D-4			P1			V		22	  224	  722	  4077		  1677
5		6	6		6		D-4			P1			U		26	  272	  1587	  812		  812
5		9	6		6		D-1			P1			U		25	  260	  1539	  860		  860
5		12	6		6		B-4			P1			U		24	  248	  1491	  908		  908
5		15	6		6		B-1			P1			U		23	  236	  1443	  956		  956
5		18	6		5		D-4			P1			U		22	  224	  1395	  1004		  1004
5		6	7		6		D-4			P1			V		26	  272	  915	  3884		  1484
5		9	7		6		D-1			P1			V		25	  260	  867	  3932		  1532
5		12	7		6		B-4			P1			V		24	  248	  819	  3980		  1580
5		15	7		6		B-1			P1			V		23	  236	  771	  4028		  1628
5		18	7		5		D-4			P1			V		22	  224	  723	  4076		  1676
5		6	8		6		D-4			P1			U		26	  272	  1588	  811		  811
5		9	8		6		D-1			P1			U		25	  260	  1540	  859		  859
5		12	8		6		B-4			P1			U		24	  248	  1492	  907		  907
5		15	8		6		B-1			P1			U		23	  236	  1444	  955		  955
5		18	8		5		D-4			P1			U		22	  224	  1396	  1003		  1003
5		6	9		6		D-4			P1			V		26	  272	  916	  3883		  1483
5		9	9		6		D-1			P1			V		25	  260	  868	  3931		  1531
5		12	9		6		B-4			P1			V		24	  248	  820	  3979		  1579
5		15	9		6		B-1			P1			V		23	  236	  772	  4027		  1627
5		18	9		5		D-4			P1			V		22	  224	  724	  4075		  1675
5		6	10		6		D-4			P1			U		26	  272	  1589	  810		  810
5		9	10		6		D-1			P1			U		25	  260	  1541	  858		  858
5		12	10		6		B-4			P1			U		24	  248	  1493	  906		  906
5		15	10		6		B-1			P1			U		23	  236	  1445	  954		  954
5		18	10		5		D-4			P1			U		22	  224	  1397	  1002		  1002
5		6	11		6		D-4			P1			V		26	  272	  917	  3882		  1482
5		9	11		6		D-1			P1			V		25	  260	  869	  3930		  1530
5		12	11		6		B-4			P1			V		24	  248	  821	  3978		  1578
5		15	11		6		B-1			P1			V		23	  236	  773	  4026		  1626
5		18	11		5		D-4			P1			V		22	  224	  725	  4074		  1674
5		6	12		6		D-4			P1			U		26	  272	  1590	  809		  809
5		9	12		6		D-1			P1			U		25	  260	  1542	  857		  857
5		12	12		6		B-4			P1			U		24	  248	  1494	  905		  905
5		15	12		6		B-1			P1			U		23	  236	  1446	  953		  953
5		18	12		5		D-4			P1			U		22	  224	  1398	  1001		  1001
5		6	13		6		D-4			P1			V		26	  272	  918	  3881		  1481
5		9	13		6		D-1			P1			V		25	  260	  870	  3929		  1529
5		12	13		6		B-4			P1			V		24	  248	  822	  3977		  1577
5		15	13		6		B-1			P1			V		23	  236	  774	  4025		  1625
5		18	13		5		D-4			P1			V		22	  224	  726	  4073		  1673
5		6	14		6		D-4			P1			U		26	  272	  1591	  808		  808
5		9	14		6		D-1			P1			U		25	  260	  1543	  856		  856
5		12	14		6		B-4			P1			U		24	  248	  1495	  904		  904
5		15	14		6		B-1			P1			U		23	  236	  1447	  952		  952
5		18	14		5		D-4			P1			U		22	  224	  1399	  1000		  1000
5		6	15		6		D-4			P1			V		26	  272	  919	  3880		  1480
5		9	15		6		D-1			P1			V		25	  260	  871	  3928		  1528
5		12	15		6		B-4			P1			V		24	  248	  823	  3976		  1576
5		15	15		6		B-1			P1			V		23	  236	  775	  4024		  1624
5		18	15		5		D-4			P1			V		22	  224	  727	  4072		  1672
5		5	32		6		C-5			P2			Y		26	  274	  1856	  6399		  1599
5		8	32		6		C-2			P2			Y		25	  262	  1760	  6495		  1695
5		11	32		6		A-5			P2			Y		24	  250	  1664	  6591		  1791
5		14	32		6		A-2			P2			Y		23	  238	  1568	  6687		  1887
5		17	32		5		C-5			P2			Y		22	  226	  1472	  6783		  1983
5		5	33		6		C-5			P2			Y		26	  274	  1857	  6398		  1598
5		8	33		6		C-2			P2			Y		25	  262	  1761	  6494		  1694
5		11	33		6		A-5			P2			Y		24	  250	  1665	  6590		  1790
5		14	33		6		A-2			P2			Y		23	  238	  1569	  6686		  1886
5		17	33		5		C-5			P2			Y		22	  226	  1473	  6782		  1982
5		5	34		6		C-5			P2			Y		26	  274	  1858	  6397		  1597
5		8	34		6		C-2			P2			Y		25	  262	  1762	  6493		  1693
5		11	34		6		A-5			P2			Y		24	  250	  1666	  6589		  1789
5		14	34		6		A-2			P2			Y		23	  238	  1570	  6685		  1885
5		17	34		5		C-5			P2			Y		22	  226	  1474	  6781		  1981
5		5	35		6		C-5			P2			Y		26	  274	  1859	  6396		  1596
5		8	35		6		C-2			P2			Y		25	  262	  1763	  6492		  1692
5		11	35		6		A-5			P2			Y		24	  250	  1667	  6588		  1788
5		14	35		6		A-2			P2			Y		23	  238	  1571	  6684		  1884
5		17	35		5		C-5			P2			Y		22	  226	  1475	  6780		  1980
5		5	36		6		C-5			P2			Y		26	  274	  1860	  6395		  1595
5		8	36		6		C-2			P2			Y		25	  262	  1764	  6491		  1691
5		11	36		6		A-5			P2			Y		24	  250	  1668	  6587		  1787
5		14	36		6		A-2			P2			Y		23	  238	  1572	  6683		  1883
5		17	36		5		C-5			P2			Y		22	  226	  1476	  6779		  1979
5		5	37		6		C-5			P2			Y		26	  274	  1861	  6394		  1594
5		8	37		6		C-2			P2			Y		25	  262	  1765	  6490		  1690
5		11	37		6		A-5			P2			Y		24	  250	  1669	  6586		  1786
5		14	37		6		A-2			P2			Y		23	  238	  1573	  6682		  1882
5		17	37		5		C-5			P2			Y		22	  226	  1477	  6778		  1978
5		5	38		6		C-5			P2			Y		26	  274	  1862	  6393		  1593
5		8	38		6		C-2			P2			Y		25	  262	  1766	  6489		  1689
5		11	38		6		A-5			P2			Y		24	  250	  1670	  6585		  1785
5		14	38		6		A-2			P2			Y		23	  238	  1574	  6681		  1881
5		17	38		5		C-5			P2			Y		22	  226	  1478	  6777		  1977
5		5	39		6		C-5			P2			Y		26	  274	  1863	  6392		  1592
5		8	39		6		C-2			P2			Y		25	  262	  1767	  6488		  1688
5		11	39		6		A-5			P2			Y		24	  250	  1671	  6584		  1784
5		14	39		6		A-2			P2			Y		23	  238	  1575	  6680		  1880
5		17	39		5		C-5			P2			Y		22	  226	  1479	  6776		  1976
5		5	40		6		C-5			P2			Y		26	  274	  1864	  6391		  1591
5		8	40		6		C-2			P2			Y		25	  262	  1768	  6487		  1687
5		11	40		6		A-5			P2			Y		24	  250	  1672	  6583		  1783
5		14	40		6		A-2			P2			Y		23	  238	  1576	  6679		  1879
5		17	40		5		C-5			P2			Y		22	  226	  1480	  6775		  1975
5		5	41		6		C-5			P2			Y		26	  274	  1865	  6390		  1590
5		8	41		6		C-2			P2			Y		25	  262	  1769	  6486		  1686
5		11	41		6		A-5			P2			Y		24	  250	  1673	  6582		  1782
5		14	41		6		A-2			P2			Y		23	  238	  1577	  6678		  1878
5		17	41		5		C-5			P2			Y		22	  226	  1481	  6774		  1974
5		5	42		6		C-5			P2			Y		26	  274	  1866	  6389		  1589
5		8	42		6		C-2			P2			Y		25	  262	  1770	  6485		  1685
5		11	42		6		A-5			P2			Y		24	  250	  1674	  6581		  1781
5		14	42		6		A-2			P2			Y		23	  238	  1578	  6677		  1877
5		17	42		5		C-5			P2			Y		22	  226	  1482	  6773		  1973
5		5	43		6		C-5			P2			Y		26	  274	  1867	  6388		  1588
5		8	43		6		C-2			P2			Y		25	  262	  1771	  6484		  1684
5		11	43		6		A-5			P2			Y		24	  250	  1675	  6580		  1780
5		14	43		6		A-2			P2			Y		23	  238	  1579	  6676		  1876
5		17	43		5		C-5			P2			Y		22	  226	  1483	  6772		  1972
5		5	44		6		C-5			P2			Y		26	  274	  1868	  6387		  1587
5		8	44		6		C-2			P2			Y		25	  262	  1772	  6483		  1683
5		11	44		6		A-5			P2			Y		24	  250	  1676	  6579		  1779
5		14	44		6		A-2			P2			Y		23	  238	  1580	  6675		  1875
5		17	44		5		C-5			P2			Y		22	  226	  1484	  6771		  1971
5		5	45		6		C-5			P2			Y		26	  274	  1869	  6386		  1586
5		8	45		6		C-2			P2			Y		25	  262	  1773	  6482		  1682
5		11	45		6		A-5			P2			Y		24	  250	  1677	  6578		  1778
5		14	45		6		A-2			P2			Y		23	  238	  1581	  6674		  1874
5		17	45		5		C-5			P2			Y		22	  226	  1485	  6770		  1970
5		5	46		6		C-5			P2			Y		26	  274	  1870	  6385		  1585
5		8	46		6		C-2			P2			Y		25	  262	  1774	  6481		  1681
5		11	46		6		A-5			P2			Y		24	  250	  1678	  6577		  1777
5		14	46		6		A-2			P2			Y		23	  238	  1582	  6673		  1873
5		17	46		5		C-5			P2			Y		22	  226	  1486	  6769		  1969
5		5	47		6		C-5			P2			Y		26	  274	  1871	  6384		  1584
5		8	47		6		C-2			P2			Y		25	  262	  1775	  6480		  1680
5		11	47		6		A-5			P2			Y		24	  250	  1679	  6576		  1776
5		14	47		6		A-2			P2			Y		23	  238	  1583	  6672		  1872
5		17	47		5		C-5			P2			Y		22	  226	  1487	  6768		  1968
5		5	48		6		C-5			P2			Y		26	  275	  1872	  6383		  1583
5		8	48		6		C-2			P2			Y		25	  263	  1776	  6479		  1679
5		11	48		6		A-5			P2			Y		24	  251	  1680	  6575		  1775
5		14	48		6		A-2			P2			Y		23	  239	  1584	  6671		  1871
5		17	48		5		C-5			P2			Y		22	  227	  1488	  6767		  1967
5		5	49		6		C-5			P2			Y		26	  275	  1873	  6382		  1582
5		8	49		6		C-2			P2			Y		25	  263	  1777	  6478		  1678
5		11	49		6		A-5			P2			Y		24	  251	  1681	  6574		  1774
5		14	49		6		A-2			P2			Y		23	  239	  1585	  6670		  1870
5		17	49		5		C-5			P2			Y		22	  227	  1489	  6766		  1966
5		5	50		6		C-5			P2			Y		26	  275	  1874	  6381		  1581
5		8	50		6		C-2			P2			Y		25	  263	  1778	  6477		  1677
5		11	50		6		A-5			P2			Y		24	  251	  1682	  6573		  1773
5		14	50		6		A-2			P2			Y		23	  239	  1586	  6669		  1869
5		17	50		5		C-5			P2			Y		22	  227	  1490	  6765		  1965
5		5	51		6		C-5			P2			Y		26	  275	  1875	  6380		  1580
5		8	51		6		C-2			P2			Y		25	  263	  1779	  6476		  1676
5		11	51		6		A-5			P2			Y		24	  251	  1683	  6572		  1772
5		14	51		6		A-2			P2			Y		23	  239	  1587	  6668		  1868
5		17	51		5		C-5			P2			Y		22	  227	  1491	  6764		  1964
5		5	52		6		C-5			P2			Y		26	  275	  1876	  6379		  1579
5		8	52		6		C-2			P2			Y		25	  263	  1780	  6475		  1675
5		11	52		6		A-5			P2			Y		24	  251	  1684	  6571		  1771
5		14	52		6		A-2			P2			Y		23	  239	  1588	  6667		  1867
5		17	52		5		C-5			P2			Y		22	  227	  1492	  6763		  1963
5		5	53		6		C-5			P2			Y		26	  275	  1877	  6378		  1578
5		8	53		6		C-2			P2			Y		25	  263	  1781	  6474		  1674
5		11	53		6		A-5			P2			Y		24	  251	  1685	  6570		  1770
5		14	53		6		A-2			P2			Y		23	  239	  1589	  6666		  1866
5		17	53		5		C-5			P2			Y		22	  227	  1493	  6762		  1962
5		5	54		6		C-5			P2			Y		26	  275	  1878	  6377		  1577
5		8	54		6		C-2			P2			Y		25	  263	  1782	  6473		  1673
5		11	54		6		A-5			P2			Y		24	  251	  1686	  6569		  1769
5		14	54		6		A-2			P2			Y		23	  239	  1590	  6665		  1865
5		17	54		5		C-5			P2			Y		22	  227	  1494	  6761		  1961
5		5	55		6		C-5			P2			Y		26	  275	  1879	  6376		  1576
5		8	55		6		C-2			P2			Y		25	  263	  1783	  6472		  1672
5		11	55		6		A-5			P2			Y		24	  251	  1687	  6568		  1768
5		14	55		6		A-2			P2			Y		23	  239	  1591	  6664		  1864
5		17	55		5		C-5			P2			Y		22	  227	  1495	  6760		  1960
5		5	56		6		C-5			P2			Y		26	  275	  1880	  6375		  1575
5		8	56		6		C-2			P2			Y		25	  263	  1784	  6471		  1671
5		11	56		6		A-5			P2			Y		24	  251	  1688	  6567		  1767
5		14	56		6		A-2			P2			Y		23	  239	  1592	  6663		  1863
5		17	56		5		C-5			P2			Y		22	  227	  1496	  6759		  1959
5		5	57		6		C-5			P2			Y		26	  275	  1881	  6374		  1574
5		8	57		6		C-2			P2			Y		25	  263	  1785	  6470		  1670
5		11	57		6		A-5			P2			Y		24	  251	  1689	  6566		  1766
5		14	57		6		A-2			P2			Y		23	  239	  1593	  6662		  1862
5		17	57		5		C-5			P2			Y		22	  227	  1497	  6758		  1958
5		5	58		6		C-5			P2			Y		26	  275	  1882	  6373		  1573
5		8	58		6		C-2			P2			Y		25	  263	  1786	  6469		  1669
5		11	58		6		A-5			P2			Y		24	  251	  1690	  6565		  1765
5		14	58		6		A-2			P2			Y		23	  239	  1594	  6661		  1861
5		17	58		5		C-5			P2			Y		22	  227	  1498	  6757		  1957
5		5	59		6		C-5			P2			Y		26	  275	  1883	  6372		  1572
5		8	59		6		C-2			P2			Y		25	  263	  1787	  6468		  1668
5		11	59		6		A-5			P2			Y		24	  251	  1691	  6564		  1764
5		14	59		6		A-2			P2			Y		23	  239	  1595	  6660		  1860
5		17	59		5		C-5			P2			Y		22	  227	  1499	  6756		  1956
5		5	60		6		C-5			P2			Y		26	  275	  1884	  6371		  1571
5		8	60		6		C-2			P2			Y		25	  263	  1788	  6467		  1667
5		11	60		6		A-5			P2			Y		24	  251	  1692	  6563		  1763
5		14	60		6		A-2			P2			Y		23	  239	  1596	  6659		  1859
5		17	60		5		C-5			P2			Y		22	  227	  1500	  6755		  1955
5		5	61		6		C-5			P2			Y		26	  275	  1885	  6370		  1570
5		8	61		6		C-2			P2			Y		25	  263	  1789	  6466		  1666
5		11	61		6		A-5			P2			Y		24	  251	  1693	  6562		  1762
5		14	61		6		A-2			P2			Y		23	  239	  1597	  6658		  1858
5		17	61		5		C-5			P2			Y		22	  227	  1501	  6754		  1954
5		5	62		6		C-5			P2			Y		26	  275	  1886	  6369		  1569
5		8	62		6		C-2			P2			Y		25	  263	  1790	  6465		  1665
5		11	62		6		A-5			P2			Y		24	  251	  1694	  6561		  1761
5		14	62		6		A-2			P2			Y		23	  239	  1598	  6657		  1857
5		17	62		5		C-5			P2			Y		22	  227	  1502	  6753		  1953
5		5	63		6		C-5			P2			Y		26	  275	  1887	  6368		  1568
5		8	63		6		C-2			P2			Y		25	  263	  1791	  6464		  1664
5		11	63		6		A-5			P2			Y		24	  251	  1695	  6560		  1760
5		14	63		6		A-2			P2			Y		23	  239	  1599	  6656		  1856
5		17	63		5		C-5			P2			Y		22	  227	  1503	  6752		  1952
5		5	16		6		D-5			P1			U		26	  277	  1608	  791		  791
5		8	16		6		D-2			P1			U		25	  265	  1560	  839		  839
5		11	16		6		B-5			P1			U		24	  253	  1512	  887		  887
5		14	16		6		B-2			P1			U		23	  241	  1464	  935		  935
5		17	16		5		D-5			P1			U		22	  229	  1416	  983		  983
5		5	17		6		D-5			P1			V		26	  277	  936	  3863		  1463
5		8	17		6		D-2			P1			V		25	  265	  888	  3911		  1511
5		11	17		6		B-5			P1			V		24	  253	  840	  3959		  1559
5		14	17		6		B-2			P1			V		23	  241	  792	  4007		  1607
5		17	17		5		D-5			P1			V		22	  229	  744	  4055		  1655
5		5	18		6		D-5			P1			U		26	  277	  1609	  790		  790
5		8	18		6		D-2			P1			U		25	  265	  1561	  838		  838
5		11	18		6		B-5			P1			U		24	  253	  1513	  886		  886
5		14	18		6		B-2			P1			U		23	  241	  1465	  934		  934
5		17	18		5		D-5			P1			U		22	  229	  1417	  982		  982
5		5	19		6		D-5			P1			V		26	  277	  937	  3862		  1462
5		8	19		6		D-2			P1			V		25	  265	  889	  3910		  1510
5		11	19		6		B-5			P1			V		24	  253	  841	  3958		  1558
5		14	19		6		B-2			P1			V		23	  241	  793	  4006		  1606
5		17	19		5		D-5			P1			V		22	  229	  745	  4054		  1654
5		5	20		6		D-5			P1			U		26	  277	  1610	  789		  789
5		8	20		6		D-2			P1			U		25	  265	  1562	  837		  837
5		11	20		6		B-5			P1			U		24	  253	  1514	  885		  885
5		14	20		6		B-2			P1			U		23	  241	  1466	  933		  933
5		17	20		5		D-5			P1			U		22	  229	  1418	  981		  981
5		5	21		6		D-5			P1			V		26	  277	  938	  3861		  1461
5		8	21		6		D-2			P1			V		25	  265	  890	  3909		  1509
5		11	21		6		B-5			P1			V		24	  253	  842	  3957		  1557
5		14	21		6		B-2			P1			V		23	  241	  794	  4005		  1605
5		17	21		5		D-5			P1			V		22	  229	  746	  4053		  1653
5		5	22		6		D-5			P1			U		26	  277	  1611	  788		  788
5		8	22		6		D-2			P1			U		25	  265	  1563	  836		  836
5		11	22		6		B-5			P1			U		24	  253	  1515	  884		  884
5		14	22		6		B-2			P1			U		23	  241	  1467	  932		  932
5		17	22		5		D-5			P1			U		22	  229	  1419	  980		  980
5		5	23		6		D-5			P1			V		26	  277	  939	  3860		  1460
5		8	23		6		D-2			P1			V		25	  265	  891	  3908		  1508
5		11	23		6		B-5			P1			V		24	  253	  843	  3956		  1556
5		14	23		6		B-2			P1			V		23	  241	  795	  4004		  1604
5		17	23		5		D-5			P1			V		22	  229	  747	  4052		  1652
5		5	24		6		D-5			P1			U		26	  277	  1612	  787		  787
5		8	24		6		D-2			P1			U		25	  265	  1564	  835		  835
5		11	24		6		B-5			P1			U		24	  253	  1516	  883		  883
5		14	24		6		B-2			P1			U		23	  241	  1468	  931		  931
5		17	24		5		D-5			P1			U		22	  229	  1420	  979		  979
5		5	25		6		D-5			P1			V		26	  277	  940	  3859		  1459
5		8	25		6		D-2			P1			V		25	  265	  892	  3907		  1507
5		11	25		6		B-5			P1			V		24	  253	  844	  3955		  1555
5		14	25		6		B-2			P1			V		23	  241	  796	  4003		  1603
5		17	25		5		D-5			P1			V		22	  229	  748	  4051		  1651
5		5	26		6		D-5			P1			U		26	  277	  1613	  786		  786
5		8	26		6		D-2			P1			U		25	  265	  1565	  834		  834
5		11	26		6		B-5			P1			U		24	  253	  1517	  882		  882
5		14	26		6		B-2			P1			U		23	  241	  1469	  930		  930
5		17	26		5		D-5			P1			U		22	  229	  1421	  978		  978
5		5	27		6		D-5			P1			V		26	  277	  941	  3858		  1458
5		8	27		6		D-2			P1			V		25	  265	  893	  3906		  1506
5		11	27		6		B-5			P1			V		24	  253	  845	  3954		  1554
5		14	27		6		B-2			P1			V		23	  241	  797	  4002		  1602
5		17	27		5		D-5			P1			V		22	  229	  749	  4050		  1650
5		5	28		6		D-5			P1			U		26	  277	  1614	  785		  785
5		8	28		6		D-2			P1			U		25	  265	  1566	  833		  833
5		11	28		6		B-5			P1			U		24	  253	  1518	  881		  881
5		14	28		6		B-2			P1			U		23	  241	  1470	  929		  929
5		17	28		5		D-5			P1			U		22	  229	  1422	  977		  977
5		5	29		6		D-5			P1			V		26	  277	  942	  3857		  1457
5		8	29		6		D-2			P1			V		25	  265	  894	  3905		  1505
5		11	29		6		B-5			P1			V		24	  253	  846	  3953		  1553
5		14	29		6		B-2			P1			V		23	  241	  798	  4001		  1601
5		17	29		5		D-5			P1			V		22	  229	  750	  4049		  1649
5		5	30		6		D-5			P1			U		26	  277	  1615	  784		  784
5		8	30		6		D-2			P1			U		25	  265	  1567	  832		  832
5		11	30		6		B-5			P1			U		24	  253	  1519	  880		  880
5		14	30		6		B-2			P1			U		23	  241	  1471	  928		  928
5		17	30		5		D-5			P1			U		22	  229	  1423	  976		  976
5		5	31		6		D-5			P1			V		26	  277	  943	  3856		  1456
5		8	31		6		D-2			P1			V		25	  265	  895	  3904		  1504
5		11	31		6		B-5			P1			V		24	  253	  847	  3952		  1552
5		14	31		6		B-2			P1			V		23	  241	  799	  4000		  1600
5		17	31		5		D-5			P1			V		22	  229	  751	  4048		  1648
5		5	0		6		D-5			P1			U		26	  276	  1600	  799		  799
5		8	0		6		D-2			P1			U		25	  264	  1552	  847		  847
5		11	0		6		B-5			P1			U		24	  252	  1504	  895		  895
5		14	0		6		B-2			P1			U		23	  240	  1456	  943		  943
5		17	0		5		D-5			P1			U		22	  228	  1408	  991		  991
5		5	1		6		D-5			P1			V		26	  276	  928	  3871		  1471
5		8	1		6		D-2			P1			V		25	  264	  880	  3919		  1519
5		11	1		6		B-5			P1			V		24	  252	  832	  3967		  1567
5		14	1		6		B-2			P1			V		23	  240	  784	  4015		  1615
5		17	1		5		D-5			P1			V		22	  228	  736	  4063		  1663
5		5	2		6		D-5			P1			U		26	  276	  1601	  798		  798
5		8	2		6		D-2			P1			U		25	  264	  1553	  846		  846
5		11	2		6		B-5			P1			U		24	  252	  1505	  894		  894
5		14	2		6		B-2			P1			U		23	  240	  1457	  942		  942
5		17	2		5		D-5			P1			U		22	  228	  1409	  990		  990
5		5	3		6		D-5			P1			V		26	  276	  929	  3870		  1470
5		8	3		6		D-2			P1			V		25	  264	  881	  3918		  1518
5		11	3		6		B-5			P1			V		24	  252	  833	  3966		  1566
5		14	3		6		B-2			P1			V		23	  240	  785	  4014		  1614
5		17	3		5		D-5			P1			V		22	  228	  737	  4062		  1662
5		5	4		6		D-5			P1			U		26	  276	  1602	  797		  797
5		8	4		6		D-2			P1			U		25	  264	  1554	  845		  845
5		11	4		6		B-5			P1			U		24	  252	  1506	  893		  893
5		14	4		6		B-2			P1			U		23	  240	  1458	  941		  941
5		17	4		5		D-5			P1			U		22	  228	  1410	  989		  989
5		5	5		6		D-5			P1			V		26	  276	  930	  3869		  1469
5		8	5		6		D-2			P1			V		25	  264	  882	  3917		  1517
5		11	5		6		B-5			P1			V		24	  252	  834	  3965		  1565
5		14	5		6		B-2			P1			V		23	  240	  786	  4013		  1613
5		17	5		5		D-5			P1			V		22	  228	  738	  4061		  1661
5		5	6		6		D-5			P1			U		26	  276	  1603	  796		  796
5		8	6		6		D-2			P1			U		25	  264	  1555	  844		  844
5		11	6		6		B-5			P1			U		24	  252	  1507	  892		  892
5		14	6		6		B-2			P1			U		23	  240	  1459	  940		  940
5		17	6		5		D-5			P1			U		22	  228	  1411	  988		  988
5		5	7		6		D-5			P1			V		26	  276	  931	  3868		  1468
5		8	7		6		D-2			P1			V		25	  264	  883	  3916		  1516
5		11	7		6		B-5			P1			V		24	  252	  835	  3964		  1564
5		14	7		6		B-2			P1			V		23	  240	  787	  4012		  1612
5		17	7		5		D-5			P1			V		22	  228	  739	  4060		  1660
5		5	8		6		D-5			P1			U		26	  276	  1604	  795		  795
5		8	8		6		D-2			P1			U		25	  264	  1556	  843		  843
5		11	8		6		B-5			P1			U		24	  252	  1508	  891		  891
5		14	8		6		B-2			P1			U		23	  240	  1460	  939		  939
5		17	8		5		D-5			P1			U		22	  228	  1412	  987		  987
5		5	9		6		D-5			P1			V		26	  276	  932	  3867		  1467
5		8	9		6		D-2			P1			V		25	  264	  884	  3915		  1515
5		11	9		6		B-5			P1			V		24	  252	  836	  3963		  1563
5		14	9		6		B-2			P1			V		23	  240	  788	  4011		  1611
5		17	9		5		D-5			P1			V		22	  228	  740	  4059		  1659
5		5	10		6		D-5			P1			U		26	  276	  1605	  794		  794
5		8	10		6		D-2			P1			U		25	  264	  1557	  842		  842
5		11	10		6		B-5			P1			U		24	  252	  1509	  890		  890
5		14	10		6		B-2			P1			U		23	  240	  1461	  938		  938
5		17	10		5		D-5			P1			U		22	  228	  1413	  986		  986
5		5	11		6		D-5			P1			V		26	  276	  933	  3866		  1466
5		8	11		6		D-2			P1			V		25	  264	  885	  3914		  1514
5		11	11		6		B-5			P1			V		24	  252	  837	  3962		  1562
5		14	11		6		B-2			P1			V		23	  240	  789	  4010		  1610
5		17	11		5		D-5			P1			V		22	  228	  741	  4058		  1658
5		5	12		6		D-5			P1			U		26	  276	  1606	  793		  793
5		8	12		6		D-2			P1			U		25	  264	  1558	  841		  841
5		11	12		6		B-5			P1			U		24	  252	  1510	  889		  889
5		14	12		6		B-2			P1			U		23	  240	  1462	  937		  937
5		17	12		5		D-5			P1			U		22	  228	  1414	  985		  985
5		5	13		6		D-5			P1			V		26	  276	  934	  3865		  1465
5		8	13		6		D-2			P1			V		25	  264	  886	  3913		  1513
5		11	13		6		B-5			P1			V		24	  252	  838	  3961		  1561
5		14	13		6		B-2			P1			V		23	  240	  790	  4009		  1609
5		17	13		5		D-5			P1			V		22	  228	  742	  4057		  1657
5		5	14		6		D-5			P1			U		26	  276	  1607	  792		  792
5		8	14		6		D-2			P1			U		25	  264	  1559	  840		  840
5		11	14		6		B-5			P1			U		24	  252	  1511	  888		  888
5		14	14		6		B-2			P1			U		23	  240	  1463	  936		  936
5		17	14		5		D-5			P1			U		22	  228	  1415	  984		  984
5		5	15		6		D-5			P1			V		26	  276	  935	  3864		  1464
5		8	15		6		D-2			P1			V		25	  264	  887	  3912		  1512
5		11	15		6		B-5			P1			V		24	  252	  839	  3960		  1560
5		14	15		6		B-2			P1			V		23	  240	  791	  4008		  1608
5		17	15		5		D-5			P1			V		22	  228	  743	  4056		  1656
5		4	32		6		C-6			P2			Y		26	  278	  1888	  6367		  1567
5		7	32		6		C-3			P2			Y		25	  266	  1792	  6463		  1663
5		10	32		6		A-6			P2			Y		24	  254	  1696	  6559		  1759
5		13	32		6		A-3			P2			Y		23	  242	  1600	  6655		  1855
5		16	32		5		C-6			P2			Y		22	  230	  1504	  6751		  1951
5		4	33		6		C-6			P2			Y		26	  278	  1889	  6366		  1566
5		7	33		6		C-3			P2			Y		25	  266	  1793	  6462		  1662
5		10	33		6		A-6			P2			Y		24	  254	  1697	  6558		  1758
5		13	33		6		A-3			P2			Y		23	  242	  1601	  6654		  1854
5		16	33		5		C-6			P2			Y		22	  230	  1505	  6750		  1950
5		4	34		6		C-6			P2			Y		26	  278	  1890	  6365		  1565
5		7	34		6		C-3			P2			Y		25	  266	  1794	  6461		  1661
5		10	34		6		A-6			P2			Y		24	  254	  1698	  6557		  1757
5		13	34		6		A-3			P2			Y		23	  242	  1602	  6653		  1853
5		16	34		5		C-6			P2			Y		22	  230	  1506	  6749		  1949
5		4	35		6		C-6			P2			Y		26	  278	  1891	  6364		  1564
5		7	35		6		C-3			P2			Y		25	  266	  1795	  6460		  1660
5		10	35		6		A-6			P2			Y		24	  254	  1699	  6556		  1756
5		13	35		6		A-3			P2			Y		23	  242	  1603	  6652		  1852
5		16	35		5		C-6			P2			Y		22	  230	  1507	  6748		  1948
5		4	36		6		C-6			P2			Y		26	  278	  1892	  6363		  1563
5		7	36		6		C-3			P2			Y		25	  266	  1796	  6459		  1659
5		10	36		6		A-6			P2			Y		24	  254	  1700	  6555		  1755
5		13	36		6		A-3			P2			Y		23	  242	  1604	  6651		  1851
5		16	36		5		C-6			P2			Y		22	  230	  1508	  6747		  1947
5		4	37		6		C-6			P2			Y		26	  278	  1893	  6362		  1562
5		7	37		6		C-3			P2			Y		25	  266	  1797	  6458		  1658
5		10	37		6		A-6			P2			Y		24	  254	  1701	  6554		  1754
5		13	37		6		A-3			P2			Y		23	  242	  1605	  6650		  1850
5		16	37		5		C-6			P2			Y		22	  230	  1509	  6746		  1946
5		4	38		6		C-6			P2			Y		26	  278	  1894	  6361		  1561
5		7	38		6		C-3			P2			Y		25	  266	  1798	  6457		  1657
5		10	38		6		A-6			P2			Y		24	  254	  1702	  6553		  1753
5		13	38		6		A-3			P2			Y		23	  242	  1606	  6649		  1849
5		16	38		5		C-6			P2			Y		22	  230	  1510	  6745		  1945
5		4	39		6		C-6			P2			Y		26	  278	  1895	  6360		  1560
5		7	39		6		C-3			P2			Y		25	  266	  1799	  6456		  1656
5		10	39		6		A-6			P2			Y		24	  254	  1703	  6552		  1752
5		13	39		6		A-3			P2			Y		23	  242	  1607	  6648		  1848
5		16	39		5		C-6			P2			Y		22	  230	  1511	  6744		  1944
5		4	40		6		C-6			P2			Y		26	  278	  1896	  6359		  1559
5		7	40		6		C-3			P2			Y		25	  266	  1800	  6455		  1655
5		10	40		6		A-6			P2			Y		24	  254	  1704	  6551		  1751
5		13	40		6		A-3			P2			Y		23	  242	  1608	  6647		  1847
5		16	40		5		C-6			P2			Y		22	  230	  1512	  6743		  1943
5		4	41		6		C-6			P2			Y		26	  278	  1897	  6358		  1558
5		7	41		6		C-3			P2			Y		25	  266	  1801	  6454		  1654
5		10	41		6		A-6			P2			Y		24	  254	  1705	  6550		  1750
5		13	41		6		A-3			P2			Y		23	  242	  1609	  6646		  1846
5		16	41		5		C-6			P2			Y		22	  230	  1513	  6742		  1942
5		4	42		6		C-6			P2			Y		26	  278	  1898	  6357		  1557
5		7	42		6		C-3			P2			Y		25	  266	  1802	  6453		  1653
5		10	42		6		A-6			P2			Y		24	  254	  1706	  6549		  1749
5		13	42		6		A-3			P2			Y		23	  242	  1610	  6645		  1845
5		16	42		5		C-6			P2			Y		22	  230	  1514	  6741		  1941
5		4	43		6		C-6			P2			Y		26	  278	  1899	  6356		  1556
5		7	43		6		C-3			P2			Y		25	  266	  1803	  6452		  1652
5		10	43		6		A-6			P2			Y		24	  254	  1707	  6548		  1748
5		13	43		6		A-3			P2			Y		23	  242	  1611	  6644		  1844
5		16	43		5		C-6			P2			Y		22	  230	  1515	  6740		  1940
5		4	44		6		C-6			P2			Y		26	  278	  1900	  6355		  1555
5		7	44		6		C-3			P2			Y		25	  266	  1804	  6451		  1651
5		10	44		6		A-6			P2			Y		24	  254	  1708	  6547		  1747
5		13	44		6		A-3			P2			Y		23	  242	  1612	  6643		  1843
5		16	44		5		C-6			P2			Y		22	  230	  1516	  6739		  1939
5		4	45		6		C-6			P2			Y		26	  278	  1901	  6354		  1554
5		7	45		6		C-3			P2			Y		25	  266	  1805	  6450		  1650
5		10	45		6		A-6			P2			Y		24	  254	  1709	  6546		  1746
5		13	45		6		A-3			P2			Y		23	  242	  1613	  6642		  1842
5		16	45		5		C-6			P2			Y		22	  230	  1517	  6738		  1938
5		4	46		6		C-6			P2			Y		26	  278	  1902	  6353		  1553
5		7	46		6		C-3			P2			Y		25	  266	  1806	  6449		  1649
5		10	46		6		A-6			P2			Y		24	  254	  1710	  6545		  1745
5		13	46		6		A-3			P2			Y		23	  242	  1614	  6641		  1841
5		16	46		5		C-6			P2			Y		22	  230	  1518	  6737		  1937
5		4	47		6		C-6			P2			Y		26	  278	  1903	  6352		  1552
5		7	47		6		C-3			P2			Y		25	  266	  1807	  6448		  1648
5		10	47		6		A-6			P2			Y		24	  254	  1711	  6544		  1744
5		13	47		6		A-3			P2			Y		23	  242	  1615	  6640		  1840
5		16	47		5		C-6			P2			Y		22	  230	  1519	  6736		  1936
5		4	48		6		C-6			P2			Y		26	  279	  1904	  6351		  1551
5		7	48		6		C-3			P2			Y		25	  267	  1808	  6447		  1647
5		10	48		6		A-6			P2			Y		24	  255	  1712	  6543		  1743
5		13	48		6		A-3			P2			Y		23	  243	  1616	  6639		  1839
5		16	48		5		C-6			P2			Y		22	  231	  1520	  6735		  1935
5		4	49		6		C-6			P2			Y		26	  279	  1905	  6350		  1550
5		7	49		6		C-3			P2			Y		25	  267	  1809	  6446		  1646
5		10	49		6		A-6			P2			Y		24	  255	  1713	  6542		  1742
5		13	49		6		A-3			P2			Y		23	  243	  1617	  6638		  1838
5		16	49		5		C-6			P2			Y		22	  231	  1521	  6734		  1934
5		4	50		6		C-6			P2			Y		26	  279	  1906	  6349		  1549
5		7	50		6		C-3			P2			Y		25	  267	  1810	  6445		  1645
5		10	50		6		A-6			P2			Y		24	  255	  1714	  6541		  1741
5		13	50		6		A-3			P2			Y		23	  243	  1618	  6637		  1837
5		16	50		5		C-6			P2			Y		22	  231	  1522	  6733		  1933
5		4	51		6		C-6			P2			Y		26	  279	  1907	  6348		  1548
5		7	51		6		C-3			P2			Y		25	  267	  1811	  6444		  1644
5		10	51		6		A-6			P2			Y		24	  255	  1715	  6540		  1740
5		13	51		6		A-3			P2			Y		23	  243	  1619	  6636		  1836
5		16	51		5		C-6			P2			Y		22	  231	  1523	  6732		  1932
5		4	52		6		C-6			P2			Y		26	  279	  1908	  6347		  1547
5		7	52		6		C-3			P2			Y		25	  267	  1812	  6443		  1643
5		10	52		6		A-6			P2			Y		24	  255	  1716	  6539		  1739
5		13	52		6		A-3			P2			Y		23	  243	  1620	  6635		  1835
5		16	52		5		C-6			P2			Y		22	  231	  1524	  6731		  1931
5		4	53		6		C-6			P2			Y		26	  279	  1909	  6346		  1546
5		7	53		6		C-3			P2			Y		25	  267	  1813	  6442		  1642
5		10	53		6		A-6			P2			Y		24	  255	  1717	  6538		  1738
5		13	53		6		A-3			P2			Y		23	  243	  1621	  6634		  1834
5		16	53		5		C-6			P2			Y		22	  231	  1525	  6730		  1930
5		4	54		6		C-6			P2			Y		26	  279	  1910	  6345		  1545
5		7	54		6		C-3			P2			Y		25	  267	  1814	  6441		  1641
5		10	54		6		A-6			P2			Y		24	  255	  1718	  6537		  1737
5		13	54		6		A-3			P2			Y		23	  243	  1622	  6633		  1833
5		16	54		5		C-6			P2			Y		22	  231	  1526	  6729		  1929
5		4	55		6		C-6			P2			Y		26	  279	  1911	  6344		  1544
5		7	55		6		C-3			P2			Y		25	  267	  1815	  6440		  1640
5		10	55		6		A-6			P2			Y		24	  255	  1719	  6536		  1736
5		13	55		6		A-3			P2			Y		23	  243	  1623	  6632		  1832
5		16	55		5		C-6			P2			Y		22	  231	  1527	  6728		  1928
5		4	56		6		C-6			P2			Y		26	  279	  1912	  6343		  1543
5		7	56		6		C-3			P2			Y		25	  267	  1816	  6439		  1639
5		10	56		6		A-6			P2			Y		24	  255	  1720	  6535		  1735
5		13	56		6		A-3			P2			Y		23	  243	  1624	  6631		  1831
5		16	56		5		C-6			P2			Y		22	  231	  1528	  6727		  1927
5		4	57		6		C-6			P2			Y		26	  279	  1913	  6342		  1542
5		7	57		6		C-3			P2			Y		25	  267	  1817	  6438		  1638
5		10	57		6		A-6			P2			Y		24	  255	  1721	  6534		  1734
5		13	57		6		A-3			P2			Y		23	  243	  1625	  6630		  1830
5		16	57		5		C-6			P2			Y		22	  231	  1529	  6726		  1926
5		4	58		6		C-6			P2			Y		26	  279	  1914	  6341		  1541
5		7	58		6		C-3			P2			Y		25	  267	  1818	  6437		  1637
5		10	58		6		A-6			P2			Y		24	  255	  1722	  6533		  1733
5		13	58		6		A-3			P2			Y		23	  243	  1626	  6629		  1829
5		16	58		5		C-6			P2			Y		22	  231	  1530	  6725		  1925
5		4	59		6		C-6			P2			Y		26	  279	  1915	  6340		  1540
5		7	59		6		C-3			P2			Y		25	  267	  1819	  6436		  1636
5		10	59		6		A-6			P2			Y		24	  255	  1723	  6532		  1732
5		13	59		6		A-3			P2			Y		23	  243	  1627	  6628		  1828
5		16	59		5		C-6			P2			Y		22	  231	  1531	  6724		  1924
5		4	60		6		C-6			P2			Y		26	  279	  1916	  6339		  1539
5		7	60		6		C-3			P2			Y		25	  267	  1820	  6435		  1635
5		10	60		6		A-6			P2			Y		24	  255	  1724	  6531		  1731
5		13	60		6		A-3			P2			Y		23	  243	  1628	  6627		  1827
5		16	60		5		C-6			P2			Y		22	  231	  1532	  6723		  1923
5		4	61		6		C-6			P2			Y		26	  279	  1917	  6338		  1538
5		7	61		6		C-3			P2			Y		25	  267	  1821	  6434		  1634
5		10	61		6		A-6			P2			Y		24	  255	  1725	  6530		  1730
5		13	61		6		A-3			P2			Y		23	  243	  1629	  6626		  1826
5		16	61		5		C-6			P2			Y		22	  231	  1533	  6722		  1922
5		4	62		6		C-6			P2			Y		26	  279	  1918	  6337		  1537
5		7	62		6		C-3			P2			Y		25	  267	  1822	  6433		  1633
5		10	62		6		A-6			P2			Y		24	  255	  1726	  6529		  1729
5		13	62		6		A-3			P2			Y		23	  243	  1630	  6625		  1825
5		16	62		5		C-6			P2			Y		22	  231	  1534	  6721		  1921
5		4	63		6		C-6			P2			Y		26	  279	  1919	  6336		  1536
5		7	63		6		C-3			P2			Y		25	  267	  1823	  6432		  1632
5		10	63		6		A-6			P2			Y		24	  255	  1727	  6528		  1728
5		13	63		6		A-3			P2			Y		23	  243	  1631	  6624		  1824
5		16	63		5		C-6			P2			Y		22	  231	  1535	  6720		  1920
5		4	16		6		D-6			P1			U		26	  281	  1624	  775		  775
5		7	16		6		D-3			P1			U		25	  269	  1576	  823		  823
5		10	16		6		B-6			P1			U		24	  257	  1528	  871		  871
5		13	16		6		B-3			P1			U		23	  245	  1480	  919		  919
5		16	16		5		D-6			P1			U		22	  233	  1432	  967		  967
5		4	17		6		D-6			P1			V		26	  281	  952	  3847		  1447
5		7	17		6		D-3			P1			V		25	  269	  904	  3895		  1495
5		10	17		6		B-6			P1			V		24	  257	  856	  3943		  1543
5		13	17		6		B-3			P1			V		23	  245	  808	  3991		  1591
5		16	17		5		D-6			P1			V		22	  233	  760	  4039		  1639
5		4	18		6		D-6			P1			U		26	  281	  1625	  774		  774
5		7	18		6		D-3			P1			U		25	  269	  1577	  822		  822
5		10	18		6		B-6			P1			U		24	  257	  1529	  870		  870
5		13	18		6		B-3			P1			U		23	  245	  1481	  918		  918
5		16	18		5		D-6			P1			U		22	  233	  1433	  966		  966
5		4	19		6		D-6			P1			V		26	  281	  953	  3846		  1446
5		7	19		6		D-3			P1			V		25	  269	  905	  3894		  1494
5		10	19		6		B-6			P1			V		24	  257	  857	  3942		  1542
5		13	19		6		B-3			P1			V		23	  245	  809	  3990		  1590
5		16	19		5		D-6			P1			V		22	  233	  761	  4038		  1638
5		4	20		6		D-6			P1			U		26	  281	  1626	  773		  773
5		7	20		6		D-3			P1			U		25	  269	  1578	  821		  821
5		10	20		6		B-6			P1			U		24	  257	  1530	  869		  869
5		13	20		6		B-3			P1			U		23	  245	  1482	  917		  917
5		16	20		5		D-6			P1			U		22	  233	  1434	  965		  965
5		4	21		6		D-6			P1			V		26	  281	  954	  3845		  1445
5		7	21		6		D-3			P1			V		25	  269	  906	  3893		  1493
5		10	21		6		B-6			P1			V		24	  257	  858	  3941		  1541
5		13	21		6		B-3			P1			V		23	  245	  810	  3989		  1589
5		16	21		5		D-6			P1			V		22	  233	  762	  4037		  1637
5		4	22		6		D-6			P1			U		26	  281	  1627	  772		  772
5		7	22		6		D-3			P1			U		25	  269	  1579	  820		  820
5		10	22		6		B-6			P1			U		24	  257	  1531	  868		  868
5		13	22		6		B-3			P1			U		23	  245	  1483	  916		  916
5		16	22		5		D-6			P1			U		22	  233	  1435	  964		  964
5		4	23		6		D-6			P1			V		26	  281	  955	  3844		  1444
5		7	23		6		D-3			P1			V		25	  269	  907	  3892		  1492
5		10	23		6		B-6			P1			V		24	  257	  859	  3940		  1540
5		13	23		6		B-3			P1			V		23	  245	  811	  3988		  1588
5		16	23		5		D-6			P1			V		22	  233	  763	  4036		  1636
5		4	24		6		D-6			P1			U		26	  281	  1628	  771		  771
5		7	24		6		D-3			P1			U		25	  269	  1580	  819		  819
5		10	24		6		B-6			P1			U		24	  257	  1532	  867		  867
5		13	24		6		B-3			P1			U		23	  245	  1484	  915		  915
5		16	24		5		D-6			P1			U		22	  233	  1436	  963		  963
5		4	25		6		D-6			P1			V		26	  281	  956	  3843		  1443
5		7	25		6		D-3			P1			V		25	  269	  908	  3891		  1491
5		10	25		6		B-6			P1			V		24	  257	  860	  3939		  1539
5		13	25		6		B-3			P1			V		23	  245	  812	  3987		  1587
5		16	25		5		D-6			P1			V		22	  233	  764	  4035		  1635
5		4	26		6		D-6			P1			U		26	  281	  1629	  770		  770
5		7	26		6		D-3			P1			U		25	  269	  1581	  818		  818
5		10	26		6		B-6			P1			U		24	  257	  1533	  866		  866
5		13	26		6		B-3			P1			U		23	  245	  1485	  914		  914
5		16	26		5		D-6			P1			U		22	  233	  1437	  962		  962
5		4	27		6		D-6			P1			V		26	  281	  957	  3842		  1442
5		7	27		6		D-3			P1			V		25	  269	  909	  3890		  1490
5		10	27		6		B-6			P1			V		24	  257	  861	  3938		  1538
5		13	27		6		B-3			P1			V		23	  245	  813	  3986		  1586
5		16	27		5		D-6			P1			V		22	  233	  765	  4034		  1634
5		4	28		6		D-6			P1			U		26	  281	  1630	  769		  769
5		7	28		6		D-3			P1			U		25	  269	  1582	  817		  817
5		10	28		6		B-6			P1			U		24	  257	  1534	  865		  865
5		13	28		6		B-3			P1			U		23	  245	  1486	  913		  913
5		16	28		5		D-6			P1			U		22	  233	  1438	  961		  961
5		4	29		6		D-6			P1			V		26	  281	  958	  3841		  1441
5		7	29		6		D-3			P1			V		25	  269	  910	  3889		  1489
5		10	29		6		B-6			P1			V		24	  257	  862	  3937		  1537
5		13	29		6		B-3			P1			V		23	  245	  814	  3985		  1585
5		16	29		5		D-6			P1			V		22	  233	  766	  4033		  1633
5		4	30		6		D-6			P1			U		26	  281	  1631	  768		  768
5		7	30		6		D-3			P1			U		25	  269	  1583	  816		  816
5		10	30		6		B-6			P1			U		24	  257	  1535	  864		  864
5		13	30		6		B-3			P1			U		23	  245	  1487	  912		  912
5		16	30		5		D-6			P1			U		22	  233	  1439	  960		  960
5		4	31		6		D-6			P1			V		26	  281	  959	  3840		  1440
5		7	31		6		D-3			P1			V		25	  269	  911	  3888		  1488
5		10	31		6		B-6			P1			V		24	  257	  863	  3936		  1536
5		13	31		6		B-3			P1			V		23	  245	  815	  3984		  1584
5		16	31		5		D-6			P1			V		22	  233	  767	  4032		  1632
5		4	0		6		D-6			P1			U		26	  280	  1616	  783		  783
5		7	0		6		D-3			P1			U		25	  268	  1568	  831		  831
5		10	0		6		B-6			P1			U		24	  256	  1520	  879		  879
5		13	0		6		B-3			P1			U		23	  244	  1472	  927		  927
5		16	0		5		D-6			P1			U		22	  232	  1424	  975		  975
5		4	1		6		D-6			P1			V		26	  280	  944	  3855		  1455
5		7	1		6		D-3			P1			V		25	  268	  896	  3903		  1503
5		10	1		6		B-6			P1			V		24	  256	  848	  3951		  1551
5		13	1		6		B-3			P1			V		23	  244	  800	  3999		  1599
5		16	1		5		D-6			P1			V		22	  232	  752	  4047		  1647
5		4	2		6		D-6			P1			U		26	  280	  1617	  782		  782
5		7	2		6		D-3			P1			U		25	  268	  1569	  830		  830
5		10	2		6		B-6			P1			U		24	  256	  1521	  878		  878
5		13	2		6		B-3			P1			U		23	  244	  1473	  926		  926
5		16	2		5		D-6			P1			U		22	  232	  1425	  974		  974
5		4	3		6		D-6			P1			V		26	  280	  945	  3854		  1454
5		7	3		6		D-3			P1			V		25	  268	  897	  3902		  1502
5		10	3		6		B-6			P1			V		24	  256	  849	  3950		  1550
5		13	3		6		B-3			P1			V		23	  244	  801	  3998		  1598
5		16	3		5		D-6			P1			V		22	  232	  753	  4046		  1646
5		4	4		6		D-6			P1			U		26	  280	  1618	  781		  781
5		7	4		6		D-3			P1			U		25	  268	  1570	  829		  829
5		10	4		6		B-6			P1			U		24	  256	  1522	  877		  877
5		13	4		6		B-3			P1			U		23	  244	  1474	  925		  925
5		16	4		5		D-6			P1			U		22	  232	  1426	  973		  973
5		4	5		6		D-6			P1			V		26	  280	  946	  3853		  1453
5		7	5		6		D-3			P1			V		25	  268	  898	  3901		  1501
5		10	5		6		B-6			P1			V		24	  256	  850	  3949		  1549
5		13	5		6		B-3			P1			V		23	  244	  802	  3997		  1597
5		16	5		5		D-6			P1			V		22	  232	  754	  4045		  1645
5		4	6		6		D-6			P1			U		26	  280	  1619	  780		  780
5		7	6		6		D-3			P1			U		25	  268	  1571	  828		  828
5		10	6		6		B-6			P1			U		24	  256	  1523	  876		  876
5		13	6		6		B-3			P1			U		23	  244	  1475	  924		  924
5		16	6		5		D-6			P1			U		22	  232	  1427	  972		  972
5		4	7		6		D-6			P1			V		26	  280	  947	  3852		  1452
5		7	7		6		D-3			P1			V		25	  268	  899	  3900		  1500
5		10	7		6		B-6			P1			V		24	  256	  851	  3948		  1548
5		13	7		6		B-3			P1			V		23	  244	  803	  3996		  1596
5		16	7		5		D-6			P1			V		22	  232	  755	  4044		  1644
5		4	8		6		D-6			P1			U		26	  280	  1620	  779		  779
5		7	8		6		D-3			P1			U		25	  268	  1572	  827		  827
5		10	8		6		B-6			P1			U		24	  256	  1524	  875		  875
5		13	8		6		B-3			P1			U		23	  244	  1476	  923		  923
5		16	8		5		D-6			P1			U		22	  232	  1428	  971		  971
5		4	9		6		D-6			P1			V		26	  280	  948	  3851		  1451
5		7	9		6		D-3			P1			V		25	  268	  900	  3899		  1499
5		10	9		6		B-6			P1			V		24	  256	  852	  3947		  1547
5		13	9		6		B-3			P1			V		23	  244	  804	  3995		  1595
5		16	9		5		D-6			P1			V		22	  232	  756	  4043		  1643
5		4	10		6		D-6			P1			U		26	  280	  1621	  778		  778
5		7	10		6		D-3			P1			U		25	  268	  1573	  826		  826
5		10	10		6		B-6			P1			U		24	  256	  1525	  874		  874
5		13	10		6		B-3			P1			U		23	  244	  1477	  922		  922
5		16	10		5		D-6			P1			U		22	  232	  1429	  970		  970
5		4	11		6		D-6			P1			V		26	  280	  949	  3850		  1450
5		7	11		6		D-3			P1			V		25	  268	  901	  3898		  1498
5		10	11		6		B-6			P1			V		24	  256	  853	  3946		  1546
5		13	11		6		B-3			P1			V		23	  244	  805	  3994		  1594
5		16	11		5		D-6			P1			V		22	  232	  757	  4042		  1642
5		4	12		6		D-6			P1			U		26	  280	  1622	  777		  777
5		7	12		6		D-3			P1			U		25	  268	  1574	  825		  825
5		10	12		6		B-6			P1			U		24	  256	  1526	  873		  873
5		13	12		6		B-3			P1			U		23	  244	  1478	  921		  921
5		16	12		5		D-6			P1			U		22	  232	  1430	  969		  969
5		4	13		6		D-6			P1			V		26	  280	  950	  3849		  1449
5		7	13		6		D-3			P1			V		25	  268	  902	  3897		  1497
5		10	13		6		B-6			P1			V		24	  256	  854	  3945		  1545
5		13	13		6		B-3			P1			V		23	  244	  806	  3993		  1593
5		16	13		5		D-6			P1			V		22	  232	  758	  4041		  1641
5		4	14		6		D-6			P1			U		26	  280	  1623	  776		  776
5		7	14		6		D-3			P1			U		25	  268	  1575	  824		  824
5		10	14		6		B-6			P1			U		24	  256	  1527	  872		  872
5		13	14		6		B-3			P1			U		23	  244	  1479	  920		  920
5		16	14		5		D-6			P1			U		22	  232	  1431	  968		  968
5		4	15		6		D-6			P1			V		26	  280	  951	  3848		  1448
5		7	15		6		D-3			P1			V		25	  268	  903	  3896		  1496
5		10	15		6		B-6			P1			V		24	  256	  855	  3944		  1544
5		13	15		6		B-3			P1			V		23	  244	  807	  3992		  1592
5		16	15		5		D-6			P1			V		22	  232	  759	  4040		  1640
