crate_id	slot	fem_channel	feedthru	faraday_cage_connector	adcreceiver_topbot	wireplane	mboard_id asic_id wirenum larsoft_channel larsoft_wirenum
6		6	32		8		A-1			P2			Y		31	  330	  2304	  5951		  1151
6		9	32		7		C-4			P2			Y		30	  318	  2208	  6047		  1247
6		12	32		7		C-1			P2			Y		29	  306	  2112	  6143		  1343
6		15	32		7		A-4			P2			Y		28	  294	  2016	  6239		  1439
6		18	32		7		A-1			P2			Y		27	  282	  1920	  6335		  1535
6		6	33		8		A-1			P2			Y		31	  330	  2305	  5950		  1150
6		9	33		7		C-4			P2			Y		30	  318	  2209	  6046		  1246
6		12	33		7		C-1			P2			Y		29	  306	  2113	  6142		  1342
6		15	33		7		A-4			P2			Y		28	  294	  2017	  6238		  1438
6		18	33		7		A-1			P2			Y		27	  282	  1921	  6334		  1534
6		6	34		8		A-1			P2			Y		31	  330	  2306	  5949		  1149
6		9	34		7		C-4			P2			Y		30	  318	  2210	  6045		  1245
6		12	34		7		C-1			P2			Y		29	  306	  2114	  6141		  1341
6		15	34		7		A-4			P2			Y		28	  294	  2018	  6237		  1437
6		18	34		7		A-1			P2			Y		27	  282	  1922	  6333		  1533
6		6	35		8		A-1			P2			Y		31	  330	  2307	  5948		  1148
6		9	35		7		C-4			P2			Y		30	  318	  2211	  6044		  1244
6		12	35		7		C-1			P2			Y		29	  306	  2115	  6140		  1340
6		15	35		7		A-4			P2			Y		28	  294	  2019	  6236		  1436
6		18	35		7		A-1			P2			Y		27	  282	  1923	  6332		  1532
6		6	36		8		A-1			P2			Y		31	  330	  2308	  5947		  1147
6		9	36		7		C-4			P2			Y		30	  318	  2212	  6043		  1243
6		12	36		7		C-1			P2			Y		29	  306	  2116	  6139		  1339
6		15	36		7		A-4			P2			Y		28	  294	  2020	  6235		  1435
6		18	36		7		A-1			P2			Y		27	  282	  1924	  6331		  1531
6		6	37		8		A-1			P2			Y		31	  330	  2309	  5946		  1146
6		9	37		7		C-4			P2			Y		30	  318	  2213	  6042		  1242
6		12	37		7		C-1			P2			Y		29	  306	  2117	  6138		  1338
6		15	37		7		A-4			P2			Y		28	  294	  2021	  6234		  1434
6		18	37		7		A-1			P2			Y		27	  282	  1925	  6330		  1530
6		6	38		8		A-1			P2			Y		31	  330	  2310	  5945		  1145
6		9	38		7		C-4			P2			Y		30	  318	  2214	  6041		  1241
6		12	38		7		C-1			P2			Y		29	  306	  2118	  6137		  1337
6		15	38		7		A-4			P2			Y		28	  294	  2022	  6233		  1433
6		18	38		7		A-1			P2			Y		27	  282	  1926	  6329		  1529
6		6	39		8		A-1			P2			Y		31	  330	  2311	  5944		  1144
6		9	39		7		C-4			P2			Y		30	  318	  2215	  6040		  1240
6		12	39		7		C-1			P2			Y		29	  306	  2119	  6136		  1336
6		15	39		7		A-4			P2			Y		28	  294	  2023	  6232		  1432
6		18	39		7		A-1			P2			Y		27	  282	  1927	  6328		  1528
6		6	40		8		A-1			P2			Y		31	  330	  2312	  5943		  1143
6		9	40		7		C-4			P2			Y		30	  318	  2216	  6039		  1239
6		12	40		7		C-1			P2			Y		29	  306	  2120	  6135		  1335
6		15	40		7		A-4			P2			Y		28	  294	  2024	  6231		  1431
6		18	40		7		A-1			P2			Y		27	  282	  1928	  6327		  1527
6		6	41		8		A-1			P2			Y		31	  330	  2313	  5942		  1142
6		9	41		7		C-4			P2			Y		30	  318	  2217	  6038		  1238
6		12	41		7		C-1			P2			Y		29	  306	  2121	  6134		  1334
6		15	41		7		A-4			P2			Y		28	  294	  2025	  6230		  1430
6		18	41		7		A-1			P2			Y		27	  282	  1929	  6326		  1526
6		6	42		8		A-1			P2			Y		31	  330	  2314	  5941		  1141
6		9	42		7		C-4			P2			Y		30	  318	  2218	  6037		  1237
6		12	42		7		C-1			P2			Y		29	  306	  2122	  6133		  1333
6		15	42		7		A-4			P2			Y		28	  294	  2026	  6229		  1429
6		18	42		7		A-1			P2			Y		27	  282	  1930	  6325		  1525
6		6	43		8		A-1			P2			Y		31	  330	  2315	  5940		  1140
6		9	43		7		C-4			P2			Y		30	  318	  2219	  6036		  1236
6		12	43		7		C-1			P2			Y		29	  306	  2123	  6132		  1332
6		15	43		7		A-4			P2			Y		28	  294	  2027	  6228		  1428
6		18	43		7		A-1			P2			Y		27	  282	  1931	  6324		  1524
6		6	44		8		A-1			P2			Y		31	  330	  2316	  5939		  1139
6		9	44		7		C-4			P2			Y		30	  318	  2220	  6035		  1235
6		12	44		7		C-1			P2			Y		29	  306	  2124	  6131		  1331
6		15	44		7		A-4			P2			Y		28	  294	  2028	  6227		  1427
6		18	44		7		A-1			P2			Y		27	  282	  1932	  6323		  1523
6		6	45		8		A-1			P2			Y		31	  330	  2317	  5938		  1138
6		9	45		7		C-4			P2			Y		30	  318	  2221	  6034		  1234
6		12	45		7		C-1			P2			Y		29	  306	  2125	  6130		  1330
6		15	45		7		A-4			P2			Y		28	  294	  2029	  6226		  1426
6		18	45		7		A-1			P2			Y		27	  282	  1933	  6322		  1522
6		6	46		8		A-1			P2			Y		31	  330	  2318	  5937		  1137
6		9	46		7		C-4			P2			Y		30	  318	  2222	  6033		  1233
6		12	46		7		C-1			P2			Y		29	  306	  2126	  6129		  1329
6		15	46		7		A-4			P2			Y		28	  294	  2030	  6225		  1425
6		18	46		7		A-1			P2			Y		27	  282	  1934	  6321		  1521
6		6	47		8		A-1			P2			Y		31	  330	  2319	  5936		  1136
6		9	47		7		C-4			P2			Y		30	  318	  2223	  6032		  1232
6		12	47		7		C-1			P2			Y		29	  306	  2127	  6128		  1328
6		15	47		7		A-4			P2			Y		28	  294	  2031	  6224		  1424
6		18	47		7		A-1			P2			Y		27	  282	  1935	  6320		  1520
6		6	48		8		A-1			P2			Y		31	  331	  2320	  5935		  1135
6		9	48		7		C-4			P2			Y		30	  319	  2224	  6031		  1231
6		12	48		7		C-1			P2			Y		29	  307	  2128	  6127		  1327
6		15	48		7		A-4			P2			Y		28	  295	  2032	  6223		  1423
6		18	48		7		A-1			P2			Y		27	  283	  1936	  6319		  1519
6		6	49		8		A-1			P2			Y		31	  331	  2321	  5934		  1134
6		9	49		7		C-4			P2			Y		30	  319	  2225	  6030		  1230
6		12	49		7		C-1			P2			Y		29	  307	  2129	  6126		  1326
6		15	49		7		A-4			P2			Y		28	  295	  2033	  6222		  1422
6		18	49		7		A-1			P2			Y		27	  283	  1937	  6318		  1518
6		6	50		8		A-1			P2			Y		31	  331	  2322	  5933		  1133
6		9	50		7		C-4			P2			Y		30	  319	  2226	  6029		  1229
6		12	50		7		C-1			P2			Y		29	  307	  2130	  6125		  1325
6		15	50		7		A-4			P2			Y		28	  295	  2034	  6221		  1421
6		18	50		7		A-1			P2			Y		27	  283	  1938	  6317		  1517
6		6	51		8		A-1			P2			Y		31	  331	  2323	  5932		  1132
6		9	51		7		C-4			P2			Y		30	  319	  2227	  6028		  1228
6		12	51		7		C-1			P2			Y		29	  307	  2131	  6124		  1324
6		15	51		7		A-4			P2			Y		28	  295	  2035	  6220		  1420
6		18	51		7		A-1			P2			Y		27	  283	  1939	  6316		  1516
6		6	52		8		A-1			P2			Y		31	  331	  2324	  5931		  1131
6		9	52		7		C-4			P2			Y		30	  319	  2228	  6027		  1227
6		12	52		7		C-1			P2			Y		29	  307	  2132	  6123		  1323
6		15	52		7		A-4			P2			Y		28	  295	  2036	  6219		  1419
6		18	52		7		A-1			P2			Y		27	  283	  1940	  6315		  1515
6		6	53		8		A-1			P2			Y		31	  331	  2325	  5930		  1130
6		9	53		7		C-4			P2			Y		30	  319	  2229	  6026		  1226
6		12	53		7		C-1			P2			Y		29	  307	  2133	  6122		  1322
6		15	53		7		A-4			P2			Y		28	  295	  2037	  6218		  1418
6		18	53		7		A-1			P2			Y		27	  283	  1941	  6314		  1514
6		6	54		8		A-1			P2			Y		31	  331	  2326	  5929		  1129
6		9	54		7		C-4			P2			Y		30	  319	  2230	  6025		  1225
6		12	54		7		C-1			P2			Y		29	  307	  2134	  6121		  1321
6		15	54		7		A-4			P2			Y		28	  295	  2038	  6217		  1417
6		18	54		7		A-1			P2			Y		27	  283	  1942	  6313		  1513
6		6	55		8		A-1			P2			Y		31	  331	  2327	  5928		  1128
6		9	55		7		C-4			P2			Y		30	  319	  2231	  6024		  1224
6		12	55		7		C-1			P2			Y		29	  307	  2135	  6120		  1320
6		15	55		7		A-4			P2			Y		28	  295	  2039	  6216		  1416
6		18	55		7		A-1			P2			Y		27	  283	  1943	  6312		  1512
6		6	56		8		A-1			P2			Y		31	  331	  2328	  5927		  1127
6		9	56		7		C-4			P2			Y		30	  319	  2232	  6023		  1223
6		12	56		7		C-1			P2			Y		29	  307	  2136	  6119		  1319
6		15	56		7		A-4			P2			Y		28	  295	  2040	  6215		  1415
6		18	56		7		A-1			P2			Y		27	  283	  1944	  6311		  1511
6		6	57		8		A-1			P2			Y		31	  331	  2329	  5926		  1126
6		9	57		7		C-4			P2			Y		30	  319	  2233	  6022		  1222
6		12	57		7		C-1			P2			Y		29	  307	  2137	  6118		  1318
6		15	57		7		A-4			P2			Y		28	  295	  2041	  6214		  1414
6		18	57		7		A-1			P2			Y		27	  283	  1945	  6310		  1510
6		6	58		8		A-1			P2			Y		31	  331	  2330	  5925		  1125
6		9	58		7		C-4			P2			Y		30	  319	  2234	  6021		  1221
6		12	58		7		C-1			P2			Y		29	  307	  2138	  6117		  1317
6		15	58		7		A-4			P2			Y		28	  295	  2042	  6213		  1413
6		18	58		7		A-1			P2			Y		27	  283	  1946	  6309		  1509
6		6	59		8		A-1			P2			Y		31	  331	  2331	  5924		  1124
6		9	59		7		C-4			P2			Y		30	  319	  2235	  6020		  1220
6		12	59		7		C-1			P2			Y		29	  307	  2139	  6116		  1316
6		15	59		7		A-4			P2			Y		28	  295	  2043	  6212		  1412
6		18	59		7		A-1			P2			Y		27	  283	  1947	  6308		  1508
6		6	60		8		A-1			P2			Y		31	  331	  2332	  5923		  1123
6		9	60		7		C-4			P2			Y		30	  319	  2236	  6019		  1219
6		12	60		7		C-1			P2			Y		29	  307	  2140	  6115		  1315
6		15	60		7		A-4			P2			Y		28	  295	  2044	  6211		  1411
6		18	60		7		A-1			P2			Y		27	  283	  1948	  6307		  1507
6		6	61		8		A-1			P2			Y		31	  331	  2333	  5922		  1122
6		9	61		7		C-4			P2			Y		30	  319	  2237	  6018		  1218
6		12	61		7		C-1			P2			Y		29	  307	  2141	  6114		  1314
6		15	61		7		A-4			P2			Y		28	  295	  2045	  6210		  1410
6		18	61		7		A-1			P2			Y		27	  283	  1949	  6306		  1506
6		6	62		8		A-1			P2			Y		31	  331	  2334	  5921		  1121
6		9	62		7		C-4			P2			Y		30	  319	  2238	  6017		  1217
6		12	62		7		C-1			P2			Y		29	  307	  2142	  6113		  1313
6		15	62		7		A-4			P2			Y		28	  295	  2046	  6209		  1409
6		18	62		7		A-1			P2			Y		27	  283	  1950	  6305		  1505
6		6	63		8		A-1			P2			Y		31	  331	  2335	  5920		  1120
6		9	63		7		C-4			P2			Y		30	  319	  2239	  6016		  1216
6		12	63		7		C-1			P2			Y		29	  307	  2143	  6112		  1312
6		15	63		7		A-4			P2			Y		28	  295	  2047	  6208		  1408
6		18	63		7		A-1			P2			Y		27	  283	  1951	  6304		  1504
6		6	16		8		B-1			P1			U		31	  333	  1832	  567		  567
6		9	16		7		D-4			P1			U		30	  321	  1784	  615		  615
6		12	16		7		D-1			P1			U		29	  309	  1736	  663		  663
6		15	16		7		B-4			P1			U		28	  297	  1688	  711		  711
6		18	16		7		B-1			P1			U		27	  285	  1640	  759		  759
6		6	17		8		B-1			P1			V		31	  333	  1160	  3639		  1239
6		9	17		7		D-4			P1			V		30	  321	  1112	  3687		  1287
6		12	17		7		D-1			P1			V		29	  309	  1064	  3735		  1335
6		15	17		7		B-4			P1			V		28	  297	  1016	  3783		  1383
6		18	17		7		B-1			P1			V		27	  285	  968	  3831		  1431
6		6	18		8		B-1			P1			U		31	  333	  1833	  566		  566
6		9	18		7		D-4			P1			U		30	  321	  1785	  614		  614
6		12	18		7		D-1			P1			U		29	  309	  1737	  662		  662
6		15	18		7		B-4			P1			U		28	  297	  1689	  710		  710
6		18	18		7		B-1			P1			U		27	  285	  1641	  758		  758
6		6	19		8		B-1			P1			V		31	  333	  1161	  3638		  1238
6		9	19		7		D-4			P1			V		30	  321	  1113	  3686		  1286
6		12	19		7		D-1			P1			V		29	  309	  1065	  3734		  1334
6		15	19		7		B-4			P1			V		28	  297	  1017	  3782		  1382
6		18	19		7		B-1			P1			V		27	  285	  969	  3830		  1430
6		6	20		8		B-1			P1			U		31	  333	  1834	  565		  565
6		9	20		7		D-4			P1			U		30	  321	  1786	  613		  613
6		12	20		7		D-1			P1			U		29	  309	  1738	  661		  661
6		15	20		7		B-4			P1			U		28	  297	  1690	  709		  709
6		18	20		7		B-1			P1			U		27	  285	  1642	  757		  757
6		6	21		8		B-1			P1			V		31	  333	  1162	  3637		  1237
6		9	21		7		D-4			P1			V		30	  321	  1114	  3685		  1285
6		12	21		7		D-1			P1			V		29	  309	  1066	  3733		  1333
6		15	21		7		B-4			P1			V		28	  297	  1018	  3781		  1381
6		18	21		7		B-1			P1			V		27	  285	  970	  3829		  1429
6		6	22		8		B-1			P1			U		31	  333	  1835	  564		  564
6		9	22		7		D-4			P1			U		30	  321	  1787	  612		  612
6		12	22		7		D-1			P1			U		29	  309	  1739	  660		  660
6		15	22		7		B-4			P1			U		28	  297	  1691	  708		  708
6		18	22		7		B-1			P1			U		27	  285	  1643	  756		  756
6		6	23		8		B-1			P1			V		31	  333	  1163	  3636		  1236
6		9	23		7		D-4			P1			V		30	  321	  1115	  3684		  1284
6		12	23		7		D-1			P1			V		29	  309	  1067	  3732		  1332
6		15	23		7		B-4			P1			V		28	  297	  1019	  3780		  1380
6		18	23		7		B-1			P1			V		27	  285	  971	  3828		  1428
6		6	24		8		B-1			P1			U		31	  333	  1836	  563		  563
6		9	24		7		D-4			P1			U		30	  321	  1788	  611		  611
6		12	24		7		D-1			P1			U		29	  309	  1740	  659		  659
6		15	24		7		B-4			P1			U		28	  297	  1692	  707		  707
6		18	24		7		B-1			P1			U		27	  285	  1644	  755		  755
6		6	25		8		B-1			P1			V		31	  333	  1164	  3635		  1235
6		9	25		7		D-4			P1			V		30	  321	  1116	  3683		  1283
6		12	25		7		D-1			P1			V		29	  309	  1068	  3731		  1331
6		15	25		7		B-4			P1			V		28	  297	  1020	  3779		  1379
6		18	25		7		B-1			P1			V		27	  285	  972	  3827		  1427
6		6	26		8		B-1			P1			U		31	  333	  1837	  562		  562
6		9	26		7		D-4			P1			U		30	  321	  1789	  610		  610
6		12	26		7		D-1			P1			U		29	  309	  1741	  658		  658
6		15	26		7		B-4			P1			U		28	  297	  1693	  706		  706
6		18	26		7		B-1			P1			U		27	  285	  1645	  754		  754
6		6	27		8		B-1			P1			V		31	  333	  1165	  3634		  1234
6		9	27		7		D-4			P1			V		30	  321	  1117	  3682		  1282
6		12	27		7		D-1			P1			V		29	  309	  1069	  3730		  1330
6		15	27		7		B-4			P1			V		28	  297	  1021	  3778		  1378
6		18	27		7		B-1			P1			V		27	  285	  973	  3826		  1426
6		6	28		8		B-1			P1			U		31	  333	  1838	  561		  561
6		9	28		7		D-4			P1			U		30	  321	  1790	  609		  609
6		12	28		7		D-1			P1			U		29	  309	  1742	  657		  657
6		15	28		7		B-4			P1			U		28	  297	  1694	  705		  705
6		18	28		7		B-1			P1			U		27	  285	  1646	  753		  753
6		6	29		8		B-1			P1			V		31	  333	  1166	  3633		  1233
6		9	29		7		D-4			P1			V		30	  321	  1118	  3681		  1281
6		12	29		7		D-1			P1			V		29	  309	  1070	  3729		  1329
6		15	29		7		B-4			P1			V		28	  297	  1022	  3777		  1377
6		18	29		7		B-1			P1			V		27	  285	  974	  3825		  1425
6		6	30		8		B-1			P1			U		31	  333	  1839	  560		  560
6		9	30		7		D-4			P1			U		30	  321	  1791	  608		  608
6		12	30		7		D-1			P1			U		29	  309	  1743	  656		  656
6		15	30		7		B-4			P1			U		28	  297	  1695	  704		  704
6		18	30		7		B-1			P1			U		27	  285	  1647	  752		  752
6		6	31		8		B-1			P1			V		31	  333	  1167	  3632		  1232
6		9	31		7		D-4			P1			V		30	  321	  1119	  3680		  1280
6		12	31		7		D-1			P1			V		29	  309	  1071	  3728		  1328
6		15	31		7		B-4			P1			V		28	  297	  1023	  3776		  1376
6		18	31		7		B-1			P1			V		27	  285	  975	  3824		  1424
6		6	0		8		B-1			P1			U		31	  332	  1824	  575		  575
6		9	0		7		D-4			P1			U		30	  320	  1776	  623		  623
6		12	0		7		D-1			P1			U		29	  308	  1728	  671		  671
6		15	0		7		B-4			P1			U		28	  296	  1680	  719		  719
6		18	0		7		B-1			P1			U		27	  284	  1632	  767		  767
6		6	1		8		B-1			P1			V		31	  332	  1152	  3647		  1247
6		9	1		7		D-4			P1			V		30	  320	  1104	  3695		  1295
6		12	1		7		D-1			P1			V		29	  308	  1056	  3743		  1343
6		15	1		7		B-4			P1			V		28	  296	  1008	  3791		  1391
6		18	1		7		B-1			P1			V		27	  284	  960	  3839		  1439
6		6	2		8		B-1			P1			U		31	  332	  1825	  574		  574
6		9	2		7		D-4			P1			U		30	  320	  1777	  622		  622
6		12	2		7		D-1			P1			U		29	  308	  1729	  670		  670
6		15	2		7		B-4			P1			U		28	  296	  1681	  718		  718
6		18	2		7		B-1			P1			U		27	  284	  1633	  766		  766
6		6	3		8		B-1			P1			V		31	  332	  1153	  3646		  1246
6		9	3		7		D-4			P1			V		30	  320	  1105	  3694		  1294
6		12	3		7		D-1			P1			V		29	  308	  1057	  3742		  1342
6		15	3		7		B-4			P1			V		28	  296	  1009	  3790		  1390
6		18	3		7		B-1			P1			V		27	  284	  961	  3838		  1438
6		6	4		8		B-1			P1			U		31	  332	  1826	  573		  573
6		9	4		7		D-4			P1			U		30	  320	  1778	  621		  621
6		12	4		7		D-1			P1			U		29	  308	  1730	  669		  669
6		15	4		7		B-4			P1			U		28	  296	  1682	  717		  717
6		18	4		7		B-1			P1			U		27	  284	  1634	  765		  765
6		6	5		8		B-1			P1			V		31	  332	  1154	  3645		  1245
6		9	5		7		D-4			P1			V		30	  320	  1106	  3693		  1293
6		12	5		7		D-1			P1			V		29	  308	  1058	  3741		  1341
6		15	5		7		B-4			P1			V		28	  296	  1010	  3789		  1389
6		18	5		7		B-1			P1			V		27	  284	  962	  3837		  1437
6		6	6		8		B-1			P1			U		31	  332	  1827	  572		  572
6		9	6		7		D-4			P1			U		30	  320	  1779	  620		  620
6		12	6		7		D-1			P1			U		29	  308	  1731	  668		  668
6		15	6		7		B-4			P1			U		28	  296	  1683	  716		  716
6		18	6		7		B-1			P1			U		27	  284	  1635	  764		  764
6		6	7		8		B-1			P1			V		31	  332	  1155	  3644		  1244
6		9	7		7		D-4			P1			V		30	  320	  1107	  3692		  1292
6		12	7		7		D-1			P1			V		29	  308	  1059	  3740		  1340
6		15	7		7		B-4			P1			V		28	  296	  1011	  3788		  1388
6		18	7		7		B-1			P1			V		27	  284	  963	  3836		  1436
6		6	8		8		B-1			P1			U		31	  332	  1828	  571		  571
6		9	8		7		D-4			P1			U		30	  320	  1780	  619		  619
6		12	8		7		D-1			P1			U		29	  308	  1732	  667		  667
6		15	8		7		B-4			P1			U		28	  296	  1684	  715		  715
6		18	8		7		B-1			P1			U		27	  284	  1636	  763		  763
6		6	9		8		B-1			P1			V		31	  332	  1156	  3643		  1243
6		9	9		7		D-4			P1			V		30	  320	  1108	  3691		  1291
6		12	9		7		D-1			P1			V		29	  308	  1060	  3739		  1339
6		15	9		7		B-4			P1			V		28	  296	  1012	  3787		  1387
6		18	9		7		B-1			P1			V		27	  284	  964	  3835		  1435
6		6	10		8		B-1			P1			U		31	  332	  1829	  570		  570
6		9	10		7		D-4			P1			U		30	  320	  1781	  618		  618
6		12	10		7		D-1			P1			U		29	  308	  1733	  666		  666
6		15	10		7		B-4			P1			U		28	  296	  1685	  714		  714
6		18	10		7		B-1			P1			U		27	  284	  1637	  762		  762
6		6	11		8		B-1			P1			V		31	  332	  1157	  3642		  1242
6		9	11		7		D-4			P1			V		30	  320	  1109	  3690		  1290
6		12	11		7		D-1			P1			V		29	  308	  1061	  3738		  1338
6		15	11		7		B-4			P1			V		28	  296	  1013	  3786		  1386
6		18	11		7		B-1			P1			V		27	  284	  965	  3834		  1434
6		6	12		8		B-1			P1			U		31	  332	  1830	  569		  569
6		9	12		7		D-4			P1			U		30	  320	  1782	  617		  617
6		12	12		7		D-1			P1			U		29	  308	  1734	  665		  665
6		15	12		7		B-4			P1			U		28	  296	  1686	  713		  713
6		18	12		7		B-1			P1			U		27	  284	  1638	  761		  761
6		6	13		8		B-1			P1			V		31	  332	  1158	  3641		  1241
6		9	13		7		D-4			P1			V		30	  320	  1110	  3689		  1289
6		12	13		7		D-1			P1			V		29	  308	  1062	  3737		  1337
6		15	13		7		B-4			P1			V		28	  296	  1014	  3785		  1385
6		18	13		7		B-1			P1			V		27	  284	  966	  3833		  1433
6		6	14		8		B-1			P1			U		31	  332	  1831	  568		  568
6		9	14		7		D-4			P1			U		30	  320	  1783	  616		  616
6		12	14		7		D-1			P1			U		29	  308	  1735	  664		  664
6		15	14		7		B-4			P1			U		28	  296	  1687	  712		  712
6		18	14		7		B-1			P1			U		27	  284	  1639	  760		  760
6		6	15		8		B-1			P1			V		31	  332	  1159	  3640		  1240
6		9	15		7		D-4			P1			V		30	  320	  1111	  3688		  1288
6		12	15		7		D-1			P1			V		29	  308	  1063	  3736		  1336
6		15	15		7		B-4			P1			V		28	  296	  1015	  3784		  1384
6		18	15		7		B-1			P1			V		27	  284	  967	  3832		  1432
6		5	32		8		A-2			P2			Y		31	  334	  2336	  5919		  1119
6		8	32		7		C-5			P2			Y		30	  322	  2240	  6015		  1215
6		11	32		7		C-2			P2			Y		29	  310	  2144	  6111		  1311
6		14	32		7		A-5			P2			Y		28	  298	  2048	  6207		  1407
6		17	32		7		A-2			P2			Y		27	  286	  1952	  6303		  1503
6		5	33		8		A-2			P2			Y		31	  334	  2337	  5918		  1118
6		8	33		7		C-5			P2			Y		30	  322	  2241	  6014		  1214
6		11	33		7		C-2			P2			Y		29	  310	  2145	  6110		  1310
6		14	33		7		A-5			P2			Y		28	  298	  2049	  6206		  1406
6		17	33		7		A-2			P2			Y		27	  286	  1953	  6302		  1502
6		5	34		8		A-2			P2			Y		31	  334	  2338	  5917		  1117
6		8	34		7		C-5			P2			Y		30	  322	  2242	  6013		  1213
6		11	34		7		C-2			P2			Y		29	  310	  2146	  6109		  1309
6		14	34		7		A-5			P2			Y		28	  298	  2050	  6205		  1405
6		17	34		7		A-2			P2			Y		27	  286	  1954	  6301		  1501
6		5	35		8		A-2			P2			Y		31	  334	  2339	  5916		  1116
6		8	35		7		C-5			P2			Y		30	  322	  2243	  6012		  1212
6		11	35		7		C-2			P2			Y		29	  310	  2147	  6108		  1308
6		14	35		7		A-5			P2			Y		28	  298	  2051	  6204		  1404
6		17	35		7		A-2			P2			Y		27	  286	  1955	  6300		  1500
6		5	36		8		A-2			P2			Y		31	  334	  2340	  5915		  1115
6		8	36		7		C-5			P2			Y		30	  322	  2244	  6011		  1211
6		11	36		7		C-2			P2			Y		29	  310	  2148	  6107		  1307
6		14	36		7		A-5			P2			Y		28	  298	  2052	  6203		  1403
6		17	36		7		A-2			P2			Y		27	  286	  1956	  6299		  1499
6		5	37		8		A-2			P2			Y		31	  334	  2341	  5914		  1114
6		8	37		7		C-5			P2			Y		30	  322	  2245	  6010		  1210
6		11	37		7		C-2			P2			Y		29	  310	  2149	  6106		  1306
6		14	37		7		A-5			P2			Y		28	  298	  2053	  6202		  1402
6		17	37		7		A-2			P2			Y		27	  286	  1957	  6298		  1498
6		5	38		8		A-2			P2			Y		31	  334	  2342	  5913		  1113
6		8	38		7		C-5			P2			Y		30	  322	  2246	  6009		  1209
6		11	38		7		C-2			P2			Y		29	  310	  2150	  6105		  1305
6		14	38		7		A-5			P2			Y		28	  298	  2054	  6201		  1401
6		17	38		7		A-2			P2			Y		27	  286	  1958	  6297		  1497
6		5	39		8		A-2			P2			Y		31	  334	  2343	  5912		  1112
6		8	39		7		C-5			P2			Y		30	  322	  2247	  6008		  1208
6		11	39		7		C-2			P2			Y		29	  310	  2151	  6104		  1304
6		14	39		7		A-5			P2			Y		28	  298	  2055	  6200		  1400
6		17	39		7		A-2			P2			Y		27	  286	  1959	  6296		  1496
6		5	40		8		A-2			P2			Y		31	  334	  2344	  5911		  1111
6		8	40		7		C-5			P2			Y		30	  322	  2248	  6007		  1207
6		11	40		7		C-2			P2			Y		29	  310	  2152	  6103		  1303
6		14	40		7		A-5			P2			Y		28	  298	  2056	  6199		  1399
6		17	40		7		A-2			P2			Y		27	  286	  1960	  6295		  1495
6		5	41		8		A-2			P2			Y		31	  334	  2345	  5910		  1110
6		8	41		7		C-5			P2			Y		30	  322	  2249	  6006		  1206
6		11	41		7		C-2			P2			Y		29	  310	  2153	  6102		  1302
6		14	41		7		A-5			P2			Y		28	  298	  2057	  6198		  1398
6		17	41		7		A-2			P2			Y		27	  286	  1961	  6294		  1494
6		5	42		8		A-2			P2			Y		31	  334	  2346	  5909		  1109
6		8	42		7		C-5			P2			Y		30	  322	  2250	  6005		  1205
6		11	42		7		C-2			P2			Y		29	  310	  2154	  6101		  1301
6		14	42		7		A-5			P2			Y		28	  298	  2058	  6197		  1397
6		17	42		7		A-2			P2			Y		27	  286	  1962	  6293		  1493
6		5	43		8		A-2			P2			Y		31	  334	  2347	  5908		  1108
6		8	43		7		C-5			P2			Y		30	  322	  2251	  6004		  1204
6		11	43		7		C-2			P2			Y		29	  310	  2155	  6100		  1300
6		14	43		7		A-5			P2			Y		28	  298	  2059	  6196		  1396
6		17	43		7		A-2			P2			Y		27	  286	  1963	  6292		  1492
6		5	44		8		A-2			P2			Y		31	  334	  2348	  5907		  1107
6		8	44		7		C-5			P2			Y		30	  322	  2252	  6003		  1203
6		11	44		7		C-2			P2			Y		29	  310	  2156	  6099		  1299
6		14	44		7		A-5			P2			Y		28	  298	  2060	  6195		  1395
6		17	44		7		A-2			P2			Y		27	  286	  1964	  6291		  1491
6		5	45		8		A-2			P2			Y		31	  334	  2349	  5906		  1106
6		8	45		7		C-5			P2			Y		30	  322	  2253	  6002		  1202
6		11	45		7		C-2			P2			Y		29	  310	  2157	  6098		  1298
6		14	45		7		A-5			P2			Y		28	  298	  2061	  6194		  1394
6		17	45		7		A-2			P2			Y		27	  286	  1965	  6290		  1490
6		5	46		8		A-2			P2			Y		31	  334	  2350	  5905		  1105
6		8	46		7		C-5			P2			Y		30	  322	  2254	  6001		  1201
6		11	46		7		C-2			P2			Y		29	  310	  2158	  6097		  1297
6		14	46		7		A-5			P2			Y		28	  298	  2062	  6193		  1393
6		17	46		7		A-2			P2			Y		27	  286	  1966	  6289		  1489
6		5	47		8		A-2			P2			Y		31	  334	  2351	  5904		  1104
6		8	47		7		C-5			P2			Y		30	  322	  2255	  6000		  1200
6		11	47		7		C-2			P2			Y		29	  310	  2159	  6096		  1296
6		14	47		7		A-5			P2			Y		28	  298	  2063	  6192		  1392
6		17	47		7		A-2			P2			Y		27	  286	  1967	  6288		  1488
6		5	48		8		A-2			P2			Y		31	  335	  2352	  5903		  1103
6		8	48		7		C-5			P2			Y		30	  323	  2256	  5999		  1199
6		11	48		7		C-2			P2			Y		29	  311	  2160	  6095		  1295
6		14	48		7		A-5			P2			Y		28	  299	  2064	  6191		  1391
6		17	48		7		A-2			P2			Y		27	  287	  1968	  6287		  1487
6		5	49		8		A-2			P2			Y		31	  335	  2353	  5902		  1102
6		8	49		7		C-5			P2			Y		30	  323	  2257	  5998		  1198
6		11	49		7		C-2			P2			Y		29	  311	  2161	  6094		  1294
6		14	49		7		A-5			P2			Y		28	  299	  2065	  6190		  1390
6		17	49		7		A-2			P2			Y		27	  287	  1969	  6286		  1486
6		5	50		8		A-2			P2			Y		31	  335	  2354	  5901		  1101
6		8	50		7		C-5			P2			Y		30	  323	  2258	  5997		  1197
6		11	50		7		C-2			P2			Y		29	  311	  2162	  6093		  1293
6		14	50		7		A-5			P2			Y		28	  299	  2066	  6189		  1389
6		17	50		7		A-2			P2			Y		27	  287	  1970	  6285		  1485
6		5	51		8		A-2			P2			Y		31	  335	  2355	  5900		  1100
6		8	51		7		C-5			P2			Y		30	  323	  2259	  5996		  1196
6		11	51		7		C-2			P2			Y		29	  311	  2163	  6092		  1292
6		14	51		7		A-5			P2			Y		28	  299	  2067	  6188		  1388
6		17	51		7		A-2			P2			Y		27	  287	  1971	  6284		  1484
6		5	52		8		A-2			P2			Y		31	  335	  2356	  5899		  1099
6		8	52		7		C-5			P2			Y		30	  323	  2260	  5995		  1195
6		11	52		7		C-2			P2			Y		29	  311	  2164	  6091		  1291
6		14	52		7		A-5			P2			Y		28	  299	  2068	  6187		  1387
6		17	52		7		A-2			P2			Y		27	  287	  1972	  6283		  1483
6		5	53		8		A-2			P2			Y		31	  335	  2357	  5898		  1098
6		8	53		7		C-5			P2			Y		30	  323	  2261	  5994		  1194
6		11	53		7		C-2			P2			Y		29	  311	  2165	  6090		  1290
6		14	53		7		A-5			P2			Y		28	  299	  2069	  6186		  1386
6		17	53		7		A-2			P2			Y		27	  287	  1973	  6282		  1482
6		5	54		8		A-2			P2			Y		31	  335	  2358	  5897		  1097
6		8	54		7		C-5			P2			Y		30	  323	  2262	  5993		  1193
6		11	54		7		C-2			P2			Y		29	  311	  2166	  6089		  1289
6		14	54		7		A-5			P2			Y		28	  299	  2070	  6185		  1385
6		17	54		7		A-2			P2			Y		27	  287	  1974	  6281		  1481
6		5	55		8		A-2			P2			Y		31	  335	  2359	  5896		  1096
6		8	55		7		C-5			P2			Y		30	  323	  2263	  5992		  1192
6		11	55		7		C-2			P2			Y		29	  311	  2167	  6088		  1288
6		14	55		7		A-5			P2			Y		28	  299	  2071	  6184		  1384
6		17	55		7		A-2			P2			Y		27	  287	  1975	  6280		  1480
6		5	56		8		A-2			P2			Y		31	  335	  2360	  5895		  1095
6		8	56		7		C-5			P2			Y		30	  323	  2264	  5991		  1191
6		11	56		7		C-2			P2			Y		29	  311	  2168	  6087		  1287
6		14	56		7		A-5			P2			Y		28	  299	  2072	  6183		  1383
6		17	56		7		A-2			P2			Y		27	  287	  1976	  6279		  1479
6		5	57		8		A-2			P2			Y		31	  335	  2361	  5894		  1094
6		8	57		7		C-5			P2			Y		30	  323	  2265	  5990		  1190
6		11	57		7		C-2			P2			Y		29	  311	  2169	  6086		  1286
6		14	57		7		A-5			P2			Y		28	  299	  2073	  6182		  1382
6		17	57		7		A-2			P2			Y		27	  287	  1977	  6278		  1478
6		5	58		8		A-2			P2			Y		31	  335	  2362	  5893		  1093
6		8	58		7		C-5			P2			Y		30	  323	  2266	  5989		  1189
6		11	58		7		C-2			P2			Y		29	  311	  2170	  6085		  1285
6		14	58		7		A-5			P2			Y		28	  299	  2074	  6181		  1381
6		17	58		7		A-2			P2			Y		27	  287	  1978	  6277		  1477
6		5	59		8		A-2			P2			Y		31	  335	  2363	  5892		  1092
6		8	59		7		C-5			P2			Y		30	  323	  2267	  5988		  1188
6		11	59		7		C-2			P2			Y		29	  311	  2171	  6084		  1284
6		14	59		7		A-5			P2			Y		28	  299	  2075	  6180		  1380
6		17	59		7		A-2			P2			Y		27	  287	  1979	  6276		  1476
6		5	60		8		A-2			P2			Y		31	  335	  2364	  5891		  1091
6		8	60		7		C-5			P2			Y		30	  323	  2268	  5987		  1187
6		11	60		7		C-2			P2			Y		29	  311	  2172	  6083		  1283
6		14	60		7		A-5			P2			Y		28	  299	  2076	  6179		  1379
6		17	60		7		A-2			P2			Y		27	  287	  1980	  6275		  1475
6		5	61		8		A-2			P2			Y		31	  335	  2365	  5890		  1090
6		8	61		7		C-5			P2			Y		30	  323	  2269	  5986		  1186
6		11	61		7		C-2			P2			Y		29	  311	  2173	  6082		  1282
6		14	61		7		A-5			P2			Y		28	  299	  2077	  6178		  1378
6		17	61		7		A-2			P2			Y		27	  287	  1981	  6274		  1474
6		5	62		8		A-2			P2			Y		31	  335	  2366	  5889		  1089
6		8	62		7		C-5			P2			Y		30	  323	  2270	  5985		  1185
6		11	62		7		C-2			P2			Y		29	  311	  2174	  6081		  1281
6		14	62		7		A-5			P2			Y		28	  299	  2078	  6177		  1377
6		17	62		7		A-2			P2			Y		27	  287	  1982	  6273		  1473
6		5	63		8		A-2			P2			Y		31	  335	  2367	  5888		  1088
6		8	63		7		C-5			P2			Y		30	  323	  2271	  5984		  1184
6		11	63		7		C-2			P2			Y		29	  311	  2175	  6080		  1280
6		14	63		7		A-5			P2			Y		28	  299	  2079	  6176		  1376
6		17	63		7		A-2			P2			Y		27	  287	  1983	  6272		  1472
6		5	16		8		B-2			P1			U		31	  337	  1848	  551		  551
6		8	16		7		D-5			P1			U		30	  325	  1800	  599		  599
6		11	16		7		D-2			P1			U		29	  313	  1752	  647		  647
6		14	16		7		B-5			P1			U		28	  301	  1704	  695		  695
6		17	16		7		B-2			P1			U		27	  289	  1656	  743		  743
6		5	17		8		B-2			P1			V		31	  337	  1176	  3623		  1223
6		8	17		7		D-5			P1			V		30	  325	  1128	  3671		  1271
6		11	17		7		D-2			P1			V		29	  313	  1080	  3719		  1319
6		14	17		7		B-5			P1			V		28	  301	  1032	  3767		  1367
6		17	17		7		B-2			P1			V		27	  289	  984	  3815		  1415
6		5	18		8		B-2			P1			U		31	  337	  1849	  550		  550
6		8	18		7		D-5			P1			U		30	  325	  1801	  598		  598
6		11	18		7		D-2			P1			U		29	  313	  1753	  646		  646
6		14	18		7		B-5			P1			U		28	  301	  1705	  694		  694
6		17	18		7		B-2			P1			U		27	  289	  1657	  742		  742
6		5	19		8		B-2			P1			V		31	  337	  1177	  3622		  1222
6		8	19		7		D-5			P1			V		30	  325	  1129	  3670		  1270
6		11	19		7		D-2			P1			V		29	  313	  1081	  3718		  1318
6		14	19		7		B-5			P1			V		28	  301	  1033	  3766		  1366
6		17	19		7		B-2			P1			V		27	  289	  985	  3814		  1414
6		5	20		8		B-2			P1			U		31	  337	  1850	  549		  549
6		8	20		7		D-5			P1			U		30	  325	  1802	  597		  597
6		11	20		7		D-2			P1			U		29	  313	  1754	  645		  645
6		14	20		7		B-5			P1			U		28	  301	  1706	  693		  693
6		17	20		7		B-2			P1			U		27	  289	  1658	  741		  741
6		5	21		8		B-2			P1			V		31	  337	  1178	  3621		  1221
6		8	21		7		D-5			P1			V		30	  325	  1130	  3669		  1269
6		11	21		7		D-2			P1			V		29	  313	  1082	  3717		  1317
6		14	21		7		B-5			P1			V		28	  301	  1034	  3765		  1365
6		17	21		7		B-2			P1			V		27	  289	  986	  3813		  1413
6		5	22		8		B-2			P1			U		31	  337	  1851	  548		  548
6		8	22		7		D-5			P1			U		30	  325	  1803	  596		  596
6		11	22		7		D-2			P1			U		29	  313	  1755	  644		  644
6		14	22		7		B-5			P1			U		28	  301	  1707	  692		  692
6		17	22		7		B-2			P1			U		27	  289	  1659	  740		  740
6		5	23		8		B-2			P1			V		31	  337	  1179	  3620		  1220
6		8	23		7		D-5			P1			V		30	  325	  1131	  3668		  1268
6		11	23		7		D-2			P1			V		29	  313	  1083	  3716		  1316
6		14	23		7		B-5			P1			V		28	  301	  1035	  3764		  1364
6		17	23		7		B-2			P1			V		27	  289	  987	  3812		  1412
6		5	24		8		B-2			P1			U		31	  337	  1852	  547		  547
6		8	24		7		D-5			P1			U		30	  325	  1804	  595		  595
6		11	24		7		D-2			P1			U		29	  313	  1756	  643		  643
6		14	24		7		B-5			P1			U		28	  301	  1708	  691		  691
6		17	24		7		B-2			P1			U		27	  289	  1660	  739		  739
6		5	25		8		B-2			P1			V		31	  337	  1180	  3619		  1219
6		8	25		7		D-5			P1			V		30	  325	  1132	  3667		  1267
6		11	25		7		D-2			P1			V		29	  313	  1084	  3715		  1315
6		14	25		7		B-5			P1			V		28	  301	  1036	  3763		  1363
6		17	25		7		B-2			P1			V		27	  289	  988	  3811		  1411
6		5	26		8		B-2			P1			U		31	  337	  1853	  546		  546
6		8	26		7		D-5			P1			U		30	  325	  1805	  594		  594
6		11	26		7		D-2			P1			U		29	  313	  1757	  642		  642
6		14	26		7		B-5			P1			U		28	  301	  1709	  690		  690
6		17	26		7		B-2			P1			U		27	  289	  1661	  738		  738
6		5	27		8		B-2			P1			V		31	  337	  1181	  3618		  1218
6		8	27		7		D-5			P1			V		30	  325	  1133	  3666		  1266
6		11	27		7		D-2			P1			V		29	  313	  1085	  3714		  1314
6		14	27		7		B-5			P1			V		28	  301	  1037	  3762		  1362
6		17	27		7		B-2			P1			V		27	  289	  989	  3810		  1410
6		5	28		8		B-2			P1			U		31	  337	  1854	  545		  545
6		8	28		7		D-5			P1			U		30	  325	  1806	  593		  593
6		11	28		7		D-2			P1			U		29	  313	  1758	  641		  641
6		14	28		7		B-5			P1			U		28	  301	  1710	  689		  689
6		17	28		7		B-2			P1			U		27	  289	  1662	  737		  737
6		5	29		8		B-2			P1			V		31	  337	  1182	  3617		  1217
6		8	29		7		D-5			P1			V		30	  325	  1134	  3665		  1265
6		11	29		7		D-2			P1			V		29	  313	  1086	  3713		  1313
6		14	29		7		B-5			P1			V		28	  301	  1038	  3761		  1361
6		17	29		7		B-2			P1			V		27	  289	  990	  3809		  1409
6		5	30		8		B-2			P1			U		31	  337	  1855	  544		  544
6		8	30		7		D-5			P1			U		30	  325	  1807	  592		  592
6		11	30		7		D-2			P1			U		29	  313	  1759	  640		  640
6		14	30		7		B-5			P1			U		28	  301	  1711	  688		  688
6		17	30		7		B-2			P1			U		27	  289	  1663	  736		  736
6		5	31		8		B-2			P1			V		31	  337	  1183	  3616		  1216
6		8	31		7		D-5			P1			V		30	  325	  1135	  3664		  1264
6		11	31		7		D-2			P1			V		29	  313	  1087	  3712		  1312
6		14	31		7		B-5			P1			V		28	  301	  1039	  3760		  1360
6		17	31		7		B-2			P1			V		27	  289	  991	  3808		  1408
6		5	0		8		B-2			P1			U		31	  336	  1840	  559		  559
6		8	0		7		D-5			P1			U		30	  324	  1792	  607		  607
6		11	0		7		D-2			P1			U		29	  312	  1744	  655		  655
6		14	0		7		B-5			P1			U		28	  300	  1696	  703		  703
6		17	0		7		B-2			P1			U		27	  288	  1648	  751		  751
6		5	1		8		B-2			P1			V		31	  336	  1168	  3631		  1231
6		8	1		7		D-5			P1			V		30	  324	  1120	  3679		  1279
6		11	1		7		D-2			P1			V		29	  312	  1072	  3727		  1327
6		14	1		7		B-5			P1			V		28	  300	  1024	  3775		  1375
6		17	1		7		B-2			P1			V		27	  288	  976	  3823		  1423
6		5	2		8		B-2			P1			U		31	  336	  1841	  558		  558
6		8	2		7		D-5			P1			U		30	  324	  1793	  606		  606
6		11	2		7		D-2			P1			U		29	  312	  1745	  654		  654
6		14	2		7		B-5			P1			U		28	  300	  1697	  702		  702
6		17	2		7		B-2			P1			U		27	  288	  1649	  750		  750
6		5	3		8		B-2			P1			V		31	  336	  1169	  3630		  1230
6		8	3		7		D-5			P1			V		30	  324	  1121	  3678		  1278
6		11	3		7		D-2			P1			V		29	  312	  1073	  3726		  1326
6		14	3		7		B-5			P1			V		28	  300	  1025	  3774		  1374
6		17	3		7		B-2			P1			V		27	  288	  977	  3822		  1422
6		5	4		8		B-2			P1			U		31	  336	  1842	  557		  557
6		8	4		7		D-5			P1			U		30	  324	  1794	  605		  605
6		11	4		7		D-2			P1			U		29	  312	  1746	  653		  653
6		14	4		7		B-5			P1			U		28	  300	  1698	  701		  701
6		17	4		7		B-2			P1			U		27	  288	  1650	  749		  749
6		5	5		8		B-2			P1			V		31	  336	  1170	  3629		  1229
6		8	5		7		D-5			P1			V		30	  324	  1122	  3677		  1277
6		11	5		7		D-2			P1			V		29	  312	  1074	  3725		  1325
6		14	5		7		B-5			P1			V		28	  300	  1026	  3773		  1373
6		17	5		7		B-2			P1			V		27	  288	  978	  3821		  1421
6		5	6		8		B-2			P1			U		31	  336	  1843	  556		  556
6		8	6		7		D-5			P1			U		30	  324	  1795	  604		  604
6		11	6		7		D-2			P1			U		29	  312	  1747	  652		  652
6		14	6		7		B-5			P1			U		28	  300	  1699	  700		  700
6		17	6		7		B-2			P1			U		27	  288	  1651	  748		  748
6		5	7		8		B-2			P1			V		31	  336	  1171	  3628		  1228
6		8	7		7		D-5			P1			V		30	  324	  1123	  3676		  1276
6		11	7		7		D-2			P1			V		29	  312	  1075	  3724		  1324
6		14	7		7		B-5			P1			V		28	  300	  1027	  3772		  1372
6		17	7		7		B-2			P1			V		27	  288	  979	  3820		  1420
6		5	8		8		B-2			P1			U		31	  336	  1844	  555		  555
6		8	8		7		D-5			P1			U		30	  324	  1796	  603		  603
6		11	8		7		D-2			P1			U		29	  312	  1748	  651		  651
6		14	8		7		B-5			P1			U		28	  300	  1700	  699		  699
6		17	8		7		B-2			P1			U		27	  288	  1652	  747		  747
6		5	9		8		B-2			P1			V		31	  336	  1172	  3627		  1227
6		8	9		7		D-5			P1			V		30	  324	  1124	  3675		  1275
6		11	9		7		D-2			P1			V		29	  312	  1076	  3723		  1323
6		14	9		7		B-5			P1			V		28	  300	  1028	  3771		  1371
6		17	9		7		B-2			P1			V		27	  288	  980	  3819		  1419
6		5	10		8		B-2			P1			U		31	  336	  1845	  554		  554
6		8	10		7		D-5			P1			U		30	  324	  1797	  602		  602
6		11	10		7		D-2			P1			U		29	  312	  1749	  650		  650
6		14	10		7		B-5			P1			U		28	  300	  1701	  698		  698
6		17	10		7		B-2			P1			U		27	  288	  1653	  746		  746
6		5	11		8		B-2			P1			V		31	  336	  1173	  3626		  1226
6		8	11		7		D-5			P1			V		30	  324	  1125	  3674		  1274
6		11	11		7		D-2			P1			V		29	  312	  1077	  3722		  1322
6		14	11		7		B-5			P1			V		28	  300	  1029	  3770		  1370
6		17	11		7		B-2			P1			V		27	  288	  981	  3818		  1418
6		5	12		8		B-2			P1			U		31	  336	  1846	  553		  553
6		8	12		7		D-5			P1			U		30	  324	  1798	  601		  601
6		11	12		7		D-2			P1			U		29	  312	  1750	  649		  649
6		14	12		7		B-5			P1			U		28	  300	  1702	  697		  697
6		17	12		7		B-2			P1			U		27	  288	  1654	  745		  745
6		5	13		8		B-2			P1			V		31	  336	  1174	  3625		  1225
6		8	13		7		D-5			P1			V		30	  324	  1126	  3673		  1273
6		11	13		7		D-2			P1			V		29	  312	  1078	  3721		  1321
6		14	13		7		B-5			P1			V		28	  300	  1030	  3769		  1369
6		17	13		7		B-2			P1			V		27	  288	  982	  3817		  1417
6		5	14		8		B-2			P1			U		31	  336	  1847	  552		  552
6		8	14		7		D-5			P1			U		30	  324	  1799	  600		  600
6		11	14		7		D-2			P1			U		29	  312	  1751	  648		  648
6		14	14		7		B-5			P1			U		28	  300	  1703	  696		  696
6		17	14		7		B-2			P1			U		27	  288	  1655	  744		  744
6		5	15		8		B-2			P1			V		31	  336	  1175	  3624		  1224
6		8	15		7		D-5			P1			V		30	  324	  1127	  3672		  1272
6		11	15		7		D-2			P1			V		29	  312	  1079	  3720		  1320
6		14	15		7		B-5			P1			V		28	  300	  1031	  3768		  1368
6		17	15		7		B-2			P1			V		27	  288	  983	  3816		  1416
6		4	32		8		A-3			P2			Y		31	  338	  2368	  5887		  1087
6		7	32		7		C-6			P2			Y		30	  326	  2272	  5983		  1183
6		10	32		7		C-3			P2			Y		29	  314	  2176	  6079		  1279
6		13	32		7		A-6			P2			Y		28	  302	  2080	  6175		  1375
6		16	32		7		A-3			P2			Y		27	  290	  1984	  6271		  1471
6		4	33		8		A-3			P2			Y		31	  338	  2369	  5886		  1086
6		7	33		7		C-6			P2			Y		30	  326	  2273	  5982		  1182
6		10	33		7		C-3			P2			Y		29	  314	  2177	  6078		  1278
6		13	33		7		A-6			P2			Y		28	  302	  2081	  6174		  1374
6		16	33		7		A-3			P2			Y		27	  290	  1985	  6270		  1470
6		4	34		8		A-3			P2			Y		31	  338	  2370	  5885		  1085
6		7	34		7		C-6			P2			Y		30	  326	  2274	  5981		  1181
6		10	34		7		C-3			P2			Y		29	  314	  2178	  6077		  1277
6		13	34		7		A-6			P2			Y		28	  302	  2082	  6173		  1373
6		16	34		7		A-3			P2			Y		27	  290	  1986	  6269		  1469
6		4	35		8		A-3			P2			Y		31	  338	  2371	  5884		  1084
6		7	35		7		C-6			P2			Y		30	  326	  2275	  5980		  1180
6		10	35		7		C-3			P2			Y		29	  314	  2179	  6076		  1276
6		13	35		7		A-6			P2			Y		28	  302	  2083	  6172		  1372
6		16	35		7		A-3			P2			Y		27	  290	  1987	  6268		  1468
6		4	36		8		A-3			P2			Y		31	  338	  2372	  5883		  1083
6		7	36		7		C-6			P2			Y		30	  326	  2276	  5979		  1179
6		10	36		7		C-3			P2			Y		29	  314	  2180	  6075		  1275
6		13	36		7		A-6			P2			Y		28	  302	  2084	  6171		  1371
6		16	36		7		A-3			P2			Y		27	  290	  1988	  6267		  1467
6		4	37		8		A-3			P2			Y		31	  338	  2373	  5882		  1082
6		7	37		7		C-6			P2			Y		30	  326	  2277	  5978		  1178
6		10	37		7		C-3			P2			Y		29	  314	  2181	  6074		  1274
6		13	37		7		A-6			P2			Y		28	  302	  2085	  6170		  1370
6		16	37		7		A-3			P2			Y		27	  290	  1989	  6266		  1466
6		4	38		8		A-3			P2			Y		31	  338	  2374	  5881		  1081
6		7	38		7		C-6			P2			Y		30	  326	  2278	  5977		  1177
6		10	38		7		C-3			P2			Y		29	  314	  2182	  6073		  1273
6		13	38		7		A-6			P2			Y		28	  302	  2086	  6169		  1369
6		16	38		7		A-3			P2			Y		27	  290	  1990	  6265		  1465
6		4	39		8		A-3			P2			Y		31	  338	  2375	  5880		  1080
6		7	39		7		C-6			P2			Y		30	  326	  2279	  5976		  1176
6		10	39		7		C-3			P2			Y		29	  314	  2183	  6072		  1272
6		13	39		7		A-6			P2			Y		28	  302	  2087	  6168		  1368
6		16	39		7		A-3			P2			Y		27	  290	  1991	  6264		  1464
6		4	40		8		A-3			P2			Y		31	  338	  2376	  5879		  1079
6		7	40		7		C-6			P2			Y		30	  326	  2280	  5975		  1175
6		10	40		7		C-3			P2			Y		29	  314	  2184	  6071		  1271
6		13	40		7		A-6			P2			Y		28	  302	  2088	  6167		  1367
6		16	40		7		A-3			P2			Y		27	  290	  1992	  6263		  1463
6		4	41		8		A-3			P2			Y		31	  338	  2377	  5878		  1078
6		7	41		7		C-6			P2			Y		30	  326	  2281	  5974		  1174
6		10	41		7		C-3			P2			Y		29	  314	  2185	  6070		  1270
6		13	41		7		A-6			P2			Y		28	  302	  2089	  6166		  1366
6		16	41		7		A-3			P2			Y		27	  290	  1993	  6262		  1462
6		4	42		8		A-3			P2			Y		31	  338	  2378	  5877		  1077
6		7	42		7		C-6			P2			Y		30	  326	  2282	  5973		  1173
6		10	42		7		C-3			P2			Y		29	  314	  2186	  6069		  1269
6		13	42		7		A-6			P2			Y		28	  302	  2090	  6165		  1365
6		16	42		7		A-3			P2			Y		27	  290	  1994	  6261		  1461
6		4	43		8		A-3			P2			Y		31	  338	  2379	  5876		  1076
6		7	43		7		C-6			P2			Y		30	  326	  2283	  5972		  1172
6		10	43		7		C-3			P2			Y		29	  314	  2187	  6068		  1268
6		13	43		7		A-6			P2			Y		28	  302	  2091	  6164		  1364
6		16	43		7		A-3			P2			Y		27	  290	  1995	  6260		  1460
6		4	44		8		A-3			P2			Y		31	  338	  2380	  5875		  1075
6		7	44		7		C-6			P2			Y		30	  326	  2284	  5971		  1171
6		10	44		7		C-3			P2			Y		29	  314	  2188	  6067		  1267
6		13	44		7		A-6			P2			Y		28	  302	  2092	  6163		  1363
6		16	44		7		A-3			P2			Y		27	  290	  1996	  6259		  1459
6		4	45		8		A-3			P2			Y		31	  338	  2381	  5874		  1074
6		7	45		7		C-6			P2			Y		30	  326	  2285	  5970		  1170
6		10	45		7		C-3			P2			Y		29	  314	  2189	  6066		  1266
6		13	45		7		A-6			P2			Y		28	  302	  2093	  6162		  1362
6		16	45		7		A-3			P2			Y		27	  290	  1997	  6258		  1458
6		4	46		8		A-3			P2			Y		31	  338	  2382	  5873		  1073
6		7	46		7		C-6			P2			Y		30	  326	  2286	  5969		  1169
6		10	46		7		C-3			P2			Y		29	  314	  2190	  6065		  1265
6		13	46		7		A-6			P2			Y		28	  302	  2094	  6161		  1361
6		16	46		7		A-3			P2			Y		27	  290	  1998	  6257		  1457
6		4	47		8		A-3			P2			Y		31	  338	  2383	  5872		  1072
6		7	47		7		C-6			P2			Y		30	  326	  2287	  5968		  1168
6		10	47		7		C-3			P2			Y		29	  314	  2191	  6064		  1264
6		13	47		7		A-6			P2			Y		28	  302	  2095	  6160		  1360
6		16	47		7		A-3			P2			Y		27	  290	  1999	  6256		  1456
6		4	48		8		A-3			P2			Y		31	  339	  2384	  5871		  1071
6		7	48		7		C-6			P2			Y		30	  327	  2288	  5967		  1167
6		10	48		7		C-3			P2			Y		29	  315	  2192	  6063		  1263
6		13	48		7		A-6			P2			Y		28	  303	  2096	  6159		  1359
6		16	48		7		A-3			P2			Y		27	  291	  2000	  6255		  1455
6		4	49		8		A-3			P2			Y		31	  339	  2385	  5870		  1070
6		7	49		7		C-6			P2			Y		30	  327	  2289	  5966		  1166
6		10	49		7		C-3			P2			Y		29	  315	  2193	  6062		  1262
6		13	49		7		A-6			P2			Y		28	  303	  2097	  6158		  1358
6		16	49		7		A-3			P2			Y		27	  291	  2001	  6254		  1454
6		4	50		8		A-3			P2			Y		31	  339	  2386	  5869		  1069
6		7	50		7		C-6			P2			Y		30	  327	  2290	  5965		  1165
6		10	50		7		C-3			P2			Y		29	  315	  2194	  6061		  1261
6		13	50		7		A-6			P2			Y		28	  303	  2098	  6157		  1357
6		16	50		7		A-3			P2			Y		27	  291	  2002	  6253		  1453
6		4	51		8		A-3			P2			Y		31	  339	  2387	  5868		  1068
6		7	51		7		C-6			P2			Y		30	  327	  2291	  5964		  1164
6		10	51		7		C-3			P2			Y		29	  315	  2195	  6060		  1260
6		13	51		7		A-6			P2			Y		28	  303	  2099	  6156		  1356
6		16	51		7		A-3			P2			Y		27	  291	  2003	  6252		  1452
6		4	52		8		A-3			P2			Y		31	  339	  2388	  5867		  1067
6		7	52		7		C-6			P2			Y		30	  327	  2292	  5963		  1163
6		10	52		7		C-3			P2			Y		29	  315	  2196	  6059		  1259
6		13	52		7		A-6			P2			Y		28	  303	  2100	  6155		  1355
6		16	52		7		A-3			P2			Y		27	  291	  2004	  6251		  1451
6		4	53		8		A-3			P2			Y		31	  339	  2389	  5866		  1066
6		7	53		7		C-6			P2			Y		30	  327	  2293	  5962		  1162
6		10	53		7		C-3			P2			Y		29	  315	  2197	  6058		  1258
6		13	53		7		A-6			P2			Y		28	  303	  2101	  6154		  1354
6		16	53		7		A-3			P2			Y		27	  291	  2005	  6250		  1450
6		4	54		8		A-3			P2			Y		31	  339	  2390	  5865		  1065
6		7	54		7		C-6			P2			Y		30	  327	  2294	  5961		  1161
6		10	54		7		C-3			P2			Y		29	  315	  2198	  6057		  1257
6		13	54		7		A-6			P2			Y		28	  303	  2102	  6153		  1353
6		16	54		7		A-3			P2			Y		27	  291	  2006	  6249		  1449
6		4	55		8		A-3			P2			Y		31	  339	  2391	  5864		  1064
6		7	55		7		C-6			P2			Y		30	  327	  2295	  5960		  1160
6		10	55		7		C-3			P2			Y		29	  315	  2199	  6056		  1256
6		13	55		7		A-6			P2			Y		28	  303	  2103	  6152		  1352
6		16	55		7		A-3			P2			Y		27	  291	  2007	  6248		  1448
6		4	56		8		A-3			P2			Y		31	  339	  2392	  5863		  1063
6		7	56		7		C-6			P2			Y		30	  327	  2296	  5959		  1159
6		10	56		7		C-3			P2			Y		29	  315	  2200	  6055		  1255
6		13	56		7		A-6			P2			Y		28	  303	  2104	  6151		  1351
6		16	56		7		A-3			P2			Y		27	  291	  2008	  6247		  1447
6		4	57		8		A-3			P2			Y		31	  339	  2393	  5862		  1062
6		7	57		7		C-6			P2			Y		30	  327	  2297	  5958		  1158
6		10	57		7		C-3			P2			Y		29	  315	  2201	  6054		  1254
6		13	57		7		A-6			P2			Y		28	  303	  2105	  6150		  1350
6		16	57		7		A-3			P2			Y		27	  291	  2009	  6246		  1446
6		4	58		8		A-3			P2			Y		31	  339	  2394	  5861		  1061
6		7	58		7		C-6			P2			Y		30	  327	  2298	  5957		  1157
6		10	58		7		C-3			P2			Y		29	  315	  2202	  6053		  1253
6		13	58		7		A-6			P2			Y		28	  303	  2106	  6149		  1349
6		16	58		7		A-3			P2			Y		27	  291	  2010	  6245		  1445
6		4	59		8		A-3			P2			Y		31	  339	  2395	  5860		  1060
6		7	59		7		C-6			P2			Y		30	  327	  2299	  5956		  1156
6		10	59		7		C-3			P2			Y		29	  315	  2203	  6052		  1252
6		13	59		7		A-6			P2			Y		28	  303	  2107	  6148		  1348
6		16	59		7		A-3			P2			Y		27	  291	  2011	  6244		  1444
6		4	60		8		A-3			P2			Y		31	  339	  2396	  5859		  1059
6		7	60		7		C-6			P2			Y		30	  327	  2300	  5955		  1155
6		10	60		7		C-3			P2			Y		29	  315	  2204	  6051		  1251
6		13	60		7		A-6			P2			Y		28	  303	  2108	  6147		  1347
6		16	60		7		A-3			P2			Y		27	  291	  2012	  6243		  1443
6		4	61		8		A-3			P2			Y		31	  339	  2397	  5858		  1058
6		7	61		7		C-6			P2			Y		30	  327	  2301	  5954		  1154
6		10	61		7		C-3			P2			Y		29	  315	  2205	  6050		  1250
6		13	61		7		A-6			P2			Y		28	  303	  2109	  6146		  1346
6		16	61		7		A-3			P2			Y		27	  291	  2013	  6242		  1442
6		4	62		8		A-3			P2			Y		31	  339	  2398	  5857		  1057
6		7	62		7		C-6			P2			Y		30	  327	  2302	  5953		  1153
6		10	62		7		C-3			P2			Y		29	  315	  2206	  6049		  1249
6		13	62		7		A-6			P2			Y		28	  303	  2110	  6145		  1345
6		16	62		7		A-3			P2			Y		27	  291	  2014	  6241		  1441
6		4	63		8		A-3			P2			Y		31	  339	  2399	  5856		  1056
6		7	63		7		C-6			P2			Y		30	  327	  2303	  5952		  1152
6		10	63		7		C-3			P2			Y		29	  315	  2207	  6048		  1248
6		13	63		7		A-6			P2			Y		28	  303	  2111	  6144		  1344
6		16	63		7		A-3			P2			Y		27	  291	  2015	  6240		  1440
6		4	16		8		B-3			P1			U		31	  341	  1864	  535		  535
6		7	16		7		D-6			P1			U		30	  329	  1816	  583		  583
6		10	16		7		D-3			P1			U		29	  317	  1768	  631		  631
6		13	16		7		B-6			P1			U		28	  305	  1720	  679		  679
6		16	16		7		B-3			P1			U		27	  293	  1672	  727		  727
6		4	17		8		B-3			P1			V		31	  341	  1192	  3607		  1207
6		7	17		7		D-6			P1			V		30	  329	  1144	  3655		  1255
6		10	17		7		D-3			P1			V		29	  317	  1096	  3703		  1303
6		13	17		7		B-6			P1			V		28	  305	  1048	  3751		  1351
6		16	17		7		B-3			P1			V		27	  293	  1000	  3799		  1399
6		4	18		8		B-3			P1			U		31	  341	  1865	  534		  534
6		7	18		7		D-6			P1			U		30	  329	  1817	  582		  582
6		10	18		7		D-3			P1			U		29	  317	  1769	  630		  630
6		13	18		7		B-6			P1			U		28	  305	  1721	  678		  678
6		16	18		7		B-3			P1			U		27	  293	  1673	  726		  726
6		4	19		8		B-3			P1			V		31	  341	  1193	  3606		  1206
6		7	19		7		D-6			P1			V		30	  329	  1145	  3654		  1254
6		10	19		7		D-3			P1			V		29	  317	  1097	  3702		  1302
6		13	19		7		B-6			P1			V		28	  305	  1049	  3750		  1350
6		16	19		7		B-3			P1			V		27	  293	  1001	  3798		  1398
6		4	20		8		B-3			P1			U		31	  341	  1866	  533		  533
6		7	20		7		D-6			P1			U		30	  329	  1818	  581		  581
6		10	20		7		D-3			P1			U		29	  317	  1770	  629		  629
6		13	20		7		B-6			P1			U		28	  305	  1722	  677		  677
6		16	20		7		B-3			P1			U		27	  293	  1674	  725		  725
6		4	21		8		B-3			P1			V		31	  341	  1194	  3605		  1205
6		7	21		7		D-6			P1			V		30	  329	  1146	  3653		  1253
6		10	21		7		D-3			P1			V		29	  317	  1098	  3701		  1301
6		13	21		7		B-6			P1			V		28	  305	  1050	  3749		  1349
6		16	21		7		B-3			P1			V		27	  293	  1002	  3797		  1397
6		4	22		8		B-3			P1			U		31	  341	  1867	  532		  532
6		7	22		7		D-6			P1			U		30	  329	  1819	  580		  580
6		10	22		7		D-3			P1			U		29	  317	  1771	  628		  628
6		13	22		7		B-6			P1			U		28	  305	  1723	  676		  676
6		16	22		7		B-3			P1			U		27	  293	  1675	  724		  724
6		4	23		8		B-3			P1			V		31	  341	  1195	  3604		  1204
6		7	23		7		D-6			P1			V		30	  329	  1147	  3652		  1252
6		10	23		7		D-3			P1			V		29	  317	  1099	  3700		  1300
6		13	23		7		B-6			P1			V		28	  305	  1051	  3748		  1348
6		16	23		7		B-3			P1			V		27	  293	  1003	  3796		  1396
6		4	24		8		B-3			P1			U		31	  341	  1868	  531		  531
6		7	24		7		D-6			P1			U		30	  329	  1820	  579		  579
6		10	24		7		D-3			P1			U		29	  317	  1772	  627		  627
6		13	24		7		B-6			P1			U		28	  305	  1724	  675		  675
6		16	24		7		B-3			P1			U		27	  293	  1676	  723		  723
6		4	25		8		B-3			P1			V		31	  341	  1196	  3603		  1203
6		7	25		7		D-6			P1			V		30	  329	  1148	  3651		  1251
6		10	25		7		D-3			P1			V		29	  317	  1100	  3699		  1299
6		13	25		7		B-6			P1			V		28	  305	  1052	  3747		  1347
6		16	25		7		B-3			P1			V		27	  293	  1004	  3795		  1395
6		4	26		8		B-3			P1			U		31	  341	  1869	  530		  530
6		7	26		7		D-6			P1			U		30	  329	  1821	  578		  578
6		10	26		7		D-3			P1			U		29	  317	  1773	  626		  626
6		13	26		7		B-6			P1			U		28	  305	  1725	  674		  674
6		16	26		7		B-3			P1			U		27	  293	  1677	  722		  722
6		4	27		8		B-3			P1			V		31	  341	  1197	  3602		  1202
6		7	27		7		D-6			P1			V		30	  329	  1149	  3650		  1250
6		10	27		7		D-3			P1			V		29	  317	  1101	  3698		  1298
6		13	27		7		B-6			P1			V		28	  305	  1053	  3746		  1346
6		16	27		7		B-3			P1			V		27	  293	  1005	  3794		  1394
6		4	28		8		B-3			P1			U		31	  341	  1870	  529		  529
6		7	28		7		D-6			P1			U		30	  329	  1822	  577		  577
6		10	28		7		D-3			P1			U		29	  317	  1774	  625		  625
6		13	28		7		B-6			P1			U		28	  305	  1726	  673		  673
6		16	28		7		B-3			P1			U		27	  293	  1678	  721		  721
6		4	29		8		B-3			P1			V		31	  341	  1198	  3601		  1201
6		7	29		7		D-6			P1			V		30	  329	  1150	  3649		  1249
6		10	29		7		D-3			P1			V		29	  317	  1102	  3697		  1297
6		13	29		7		B-6			P1			V		28	  305	  1054	  3745		  1345
6		16	29		7		B-3			P1			V		27	  293	  1006	  3793		  1393
6		4	30		8		B-3			P1			U		31	  341	  1871	  528		  528
6		7	30		7		D-6			P1			U		30	  329	  1823	  576		  576
6		10	30		7		D-3			P1			U		29	  317	  1775	  624		  624
6		13	30		7		B-6			P1			U		28	  305	  1727	  672		  672
6		16	30		7		B-3			P1			U		27	  293	  1679	  720		  720
6		4	31		8		B-3			P1			V		31	  341	  1199	  3600		  1200
6		7	31		7		D-6			P1			V		30	  329	  1151	  3648		  1248
6		10	31		7		D-3			P1			V		29	  317	  1103	  3696		  1296
6		13	31		7		B-6			P1			V		28	  305	  1055	  3744		  1344
6		16	31		7		B-3			P1			V		27	  293	  1007	  3792		  1392
6		4	0		8		B-3			P1			U		31	  340	  1856	  543		  543
6		7	0		7		D-6			P1			U		30	  328	  1808	  591		  591
6		10	0		7		D-3			P1			U		29	  316	  1760	  639		  639
6		13	0		7		B-6			P1			U		28	  304	  1712	  687		  687
6		16	0		7		B-3			P1			U		27	  292	  1664	  735		  735
6		4	1		8		B-3			P1			V		31	  340	  1184	  3615		  1215
6		7	1		7		D-6			P1			V		30	  328	  1136	  3663		  1263
6		10	1		7		D-3			P1			V		29	  316	  1088	  3711		  1311
6		13	1		7		B-6			P1			V		28	  304	  1040	  3759		  1359
6		16	1		7		B-3			P1			V		27	  292	  992	  3807		  1407
6		4	2		8		B-3			P1			U		31	  340	  1857	  542		  542
6		7	2		7		D-6			P1			U		30	  328	  1809	  590		  590
6		10	2		7		D-3			P1			U		29	  316	  1761	  638		  638
6		13	2		7		B-6			P1			U		28	  304	  1713	  686		  686
6		16	2		7		B-3			P1			U		27	  292	  1665	  734		  734
6		4	3		8		B-3			P1			V		31	  340	  1185	  3614		  1214
6		7	3		7		D-6			P1			V		30	  328	  1137	  3662		  1262
6		10	3		7		D-3			P1			V		29	  316	  1089	  3710		  1310
6		13	3		7		B-6			P1			V		28	  304	  1041	  3758		  1358
6		16	3		7		B-3			P1			V		27	  292	  993	  3806		  1406
6		4	4		8		B-3			P1			U		31	  340	  1858	  541		  541
6		7	4		7		D-6			P1			U		30	  328	  1810	  589		  589
6		10	4		7		D-3			P1			U		29	  316	  1762	  637		  637
6		13	4		7		B-6			P1			U		28	  304	  1714	  685		  685
6		16	4		7		B-3			P1			U		27	  292	  1666	  733		  733
6		4	5		8		B-3			P1			V		31	  340	  1186	  3613		  1213
6		7	5		7		D-6			P1			V		30	  328	  1138	  3661		  1261
6		10	5		7		D-3			P1			V		29	  316	  1090	  3709		  1309
6		13	5		7		B-6			P1			V		28	  304	  1042	  3757		  1357
6		16	5		7		B-3			P1			V		27	  292	  994	  3805		  1405
6		4	6		8		B-3			P1			U		31	  340	  1859	  540		  540
6		7	6		7		D-6			P1			U		30	  328	  1811	  588		  588
6		10	6		7		D-3			P1			U		29	  316	  1763	  636		  636
6		13	6		7		B-6			P1			U		28	  304	  1715	  684		  684
6		16	6		7		B-3			P1			U		27	  292	  1667	  732		  732
6		4	7		8		B-3			P1			V		31	  340	  1187	  3612		  1212
6		7	7		7		D-6			P1			V		30	  328	  1139	  3660		  1260
6		10	7		7		D-3			P1			V		29	  316	  1091	  3708		  1308
6		13	7		7		B-6			P1			V		28	  304	  1043	  3756		  1356
6		16	7		7		B-3			P1			V		27	  292	  995	  3804		  1404
6		4	8		8		B-3			P1			U		31	  340	  1860	  539		  539
6		7	8		7		D-6			P1			U		30	  328	  1812	  587		  587
6		10	8		7		D-3			P1			U		29	  316	  1764	  635		  635
6		13	8		7		B-6			P1			U		28	  304	  1716	  683		  683
6		16	8		7		B-3			P1			U		27	  292	  1668	  731		  731
6		4	9		8		B-3			P1			V		31	  340	  1188	  3611		  1211
6		7	9		7		D-6			P1			V		30	  328	  1140	  3659		  1259
6		10	9		7		D-3			P1			V		29	  316	  1092	  3707		  1307
6		13	9		7		B-6			P1			V		28	  304	  1044	  3755		  1355
6		16	9		7		B-3			P1			V		27	  292	  996	  3803		  1403
6		4	10		8		B-3			P1			U		31	  340	  1861	  538		  538
6		7	10		7		D-6			P1			U		30	  328	  1813	  586		  586
6		10	10		7		D-3			P1			U		29	  316	  1765	  634		  634
6		13	10		7		B-6			P1			U		28	  304	  1717	  682		  682
6		16	10		7		B-3			P1			U		27	  292	  1669	  730		  730
6		4	11		8		B-3			P1			V		31	  340	  1189	  3610		  1210
6		7	11		7		D-6			P1			V		30	  328	  1141	  3658		  1258
6		10	11		7		D-3			P1			V		29	  316	  1093	  3706		  1306
6		13	11		7		B-6			P1			V		28	  304	  1045	  3754		  1354
6		16	11		7		B-3			P1			V		27	  292	  997	  3802		  1402
6		4	12		8		B-3			P1			U		31	  340	  1862	  537		  537
6		7	12		7		D-6			P1			U		30	  328	  1814	  585		  585
6		10	12		7		D-3			P1			U		29	  316	  1766	  633		  633
6		13	12		7		B-6			P1			U		28	  304	  1718	  681		  681
6		16	12		7		B-3			P1			U		27	  292	  1670	  729		  729
6		4	13		8		B-3			P1			V		31	  340	  1190	  3609		  1209
6		7	13		7		D-6			P1			V		30	  328	  1142	  3657		  1257
6		10	13		7		D-3			P1			V		29	  316	  1094	  3705		  1305
6		13	13		7		B-6			P1			V		28	  304	  1046	  3753		  1353
6		16	13		7		B-3			P1			V		27	  292	  998	  3801		  1401
6		4	14		8		B-3			P1			U		31	  340	  1863	  536		  536
6		7	14		7		D-6			P1			U		30	  328	  1815	  584		  584
6		10	14		7		D-3			P1			U		29	  316	  1767	  632		  632
6		13	14		7		B-6			P1			U		28	  304	  1719	  680		  680
6		16	14		7		B-3			P1			U		27	  292	  1671	  728		  728
6		4	15		8		B-3			P1			V		31	  340	  1191	  3608		  1208
6		7	15		7		D-6			P1			V		30	  328	  1143	  3656		  1256
6		10	15		7		D-3			P1			V		29	  316	  1095	  3704		  1304
6		13	15		7		B-6			P1			V		28	  304	  1047	  3752		  1352
6		16	15		7		B-3			P1			V		27	  292	  999	  3800		  1400
