7	6	32	9	A-4	P2	Y	36	390	2784	5471	671
7	9	32	9	A-1	P2	Y	35	378	2688	5567	767
7	12	32	8	C-4	P2	Y	34	366	2592	5663	863
7	15	32	8	C-1	P2	Y	33	354	2496	5759	959
7	18	32	8	A-4	P2	Y	32	342	2400	5855	1055
7	6	33	9	A-4	P2	Y	36	390	2785	5470	670
7	9	33	9	A-1	P2	Y	35	378	2689	5566	766
7	12	33	8	C-4	P2	Y	34	366	2593	5662	862
7	15	33	8	C-1	P2	Y	33	354	2497	5758	958
7	18	33	8	A-4	P2	Y	32	342	2401	5854	1054
7	6	34	9	A-4	P2	Y	36	390	2786	5469	669
7	9	34	9	A-1	P2	Y	35	378	2690	5565	765
7	12	34	8	C-4	P2	Y	34	366	2594	5661	861
7	15	34	8	C-1	P2	Y	33	354	2498	5757	957
7	18	34	8	A-4	P2	Y	32	342	2402	5853	1053
7	6	35	9	A-4	P2	Y	36	390	2787	5468	668
7	9	35	9	A-1	P2	Y	35	378	2691	5564	764
7	12	35	8	C-4	P2	Y	34	366	2595	5660	860
7	15	35	8	C-1	P2	Y	33	354	2499	5756	956
7	18	35	8	A-4	P2	Y	32	342	2403	5852	1052
7	6	36	9	A-4	P2	Y	36	390	2788	5467	667
7	9	36	9	A-1	P2	Y	35	378	2692	5563	763
7	12	36	8	C-4	P2	Y	34	366	2596	5659	859
7	15	36	8	C-1	P2	Y	33	354	2500	5755	955
7	18	36	8	A-4	P2	Y	32	342	2404	5851	1051
7	6	37	9	A-4	P2	Y	36	390	2789	5466	666
7	9	37	9	A-1	P2	Y	35	378	2693	5562	762
7	12	37	8	C-4	P2	Y	34	366	2597	5658	858
7	15	37	8	C-1	P2	Y	33	354	2501	5754	954
7	18	37	8	A-4	P2	Y	32	342	2405	5850	1050
7	6	38	9	A-4	P2	Y	36	390	2790	5465	665
7	9	38	9	A-1	P2	Y	35	378	2694	5561	761
7	12	38	8	C-4	P2	Y	34	366	2598	5657	857
7	15	38	8	C-1	P2	Y	33	354	2502	5753	953
7	18	38	8	A-4	P2	Y	32	342	2406	5849	1049
7	6	39	9	A-4	P2	Y	36	390	2791	5464	664
7	9	39	9	A-1	P2	Y	35	378	2695	5560	760
7	12	39	8	C-4	P2	Y	34	366	2599	5656	856
7	15	39	8	C-1	P2	Y	33	354	2503	5752	952
7	18	39	8	A-4	P2	Y	32	342	2407	5848	1048
7	6	40	9	A-4	P2	Y	36	390	2792	5463	663
7	9	40	9	A-1	P2	Y	35	378	2696	5559	759
7	12	40	8	C-4	P2	Y	34	366	2600	5655	855
7	15	40	8	C-1	P2	Y	33	354	2504	5751	951
7	18	40	8	A-4	P2	Y	32	342	2408	5847	1047
7	6	41	9	A-4	P2	Y	36	390	2793	5462	662
7	9	41	9	A-1	P2	Y	35	378	2697	5558	758
7	12	41	8	C-4	P2	Y	34	366	2601	5654	854
7	15	41	8	C-1	P2	Y	33	354	2505	5750	950
7	18	41	8	A-4	P2	Y	32	342	2409	5846	1046
7	6	42	9	A-4	P2	Y	36	390	2794	5461	661
7	9	42	9	A-1	P2	Y	35	378	2698	5557	757
7	12	42	8	C-4	P2	Y	34	366	2602	5653	853
7	15	42	8	C-1	P2	Y	33	354	2506	5749	949
7	18	42	8	A-4	P2	Y	32	342	2410	5845	1045
7	6	43	9	A-4	P2	Y	36	390	2795	5460	660
7	9	43	9	A-1	P2	Y	35	378	2699	5556	756
7	12	43	8	C-4	P2	Y	34	366	2603	5652	852
7	15	43	8	C-1	P2	Y	33	354	2507	5748	948
7	18	43	8	A-4	P2	Y	32	342	2411	5844	1044
7	6	44	9	A-4	P2	Y	36	390	2796	5459	659
7	9	44	9	A-1	P2	Y	35	378	2700	5555	755
7	12	44	8	C-4	P2	Y	34	366	2604	5651	851
7	15	44	8	C-1	P2	Y	33	354	2508	5747	947
7	18	44	8	A-4	P2	Y	32	342	2412	5843	1043
7	6	45	9	A-4	P2	Y	36	390	2797	5458	658
7	9	45	9	A-1	P2	Y	35	378	2701	5554	754
7	12	45	8	C-4	P2	Y	34	366	2605	5650	850
7	15	45	8	C-1	P2	Y	33	354	2509	5746	946
7	18	45	8	A-4	P2	Y	32	342	2413	5842	1042
7	6	46	9	A-4	P2	Y	36	390	2798	5457	657
7	9	46	9	A-1	P2	Y	35	378	2702	5553	753
7	12	46	8	C-4	P2	Y	34	366	2606	5649	849
7	15	46	8	C-1	P2	Y	33	354	2510	5745	945
7	18	46	8	A-4	P2	Y	32	342	2414	5841	1041
7	6	47	9	A-4	P2	Y	36	390	2799	5456	656
7	9	47	9	A-1	P2	Y	35	378	2703	5552	752
7	12	47	8	C-4	P2	Y	34	366	2607	5648	848
7	15	47	8	C-1	P2	Y	33	354	2511	5744	944
7	18	47	8	A-4	P2	Y	32	342	2415	5840	1040
7	6	48	9	A-4	P2	Y	36	391	2800	5455	655
7	9	48	9	A-1	P2	Y	35	379	2704	5551	751
7	12	48	8	C-4	P2	Y	34	367	2608	5647	847
7	15	48	8	C-1	P2	Y	33	355	2512	5743	943
7	18	48	8	A-4	P2	Y	32	343	2416	5839	1039
7	6	49	9	A-4	P2	Y	36	391	2801	5454	654
7	9	49	9	A-1	P2	Y	35	379	2705	5550	750
7	12	49	8	C-4	P2	Y	34	367	2609	5646	846
7	15	49	8	C-1	P2	Y	33	355	2513	5742	942
7	18	49	8	A-4	P2	Y	32	343	2417	5838	1038
7	6	50	9	A-4	P2	Y	36	391	2802	5453	653
7	9	50	9	A-1	P2	Y	35	379	2706	5549	749
7	12	50	8	C-4	P2	Y	34	367	2610	5645	845
7	15	50	8	C-1	P2	Y	33	355	2514	5741	941
7	18	50	8	A-4	P2	Y	32	343	2418	5837	1037
7	6	51	9	A-4	P2	Y	36	391	2803	5452	652
7	9	51	9	A-1	P2	Y	35	379	2707	5548	748
7	12	51	8	C-4	P2	Y	34	367	2611	5644	844
7	15	51	8	C-1	P2	Y	33	355	2515	5740	940
7	18	51	8	A-4	P2	Y	32	343	2419	5836	1036
7	6	52	9	A-4	P2	Y	36	391	2804	5451	651
7	9	52	9	A-1	P2	Y	35	379	2708	5547	747
7	12	52	8	C-4	P2	Y	34	367	2612	5643	843
7	15	52	8	C-1	P2	Y	33	355	2516	5739	939
7	18	52	8	A-4	P2	Y	32	343	2420	5835	1035
7	6	53	9	A-4	P2	Y	36	391	2805	5450	650
7	9	53	9	A-1	P2	Y	35	379	2709	5546	746
7	12	53	8	C-4	P2	Y	34	367	2613	5642	842
7	15	53	8	C-1	P2	Y	33	355	2517	5738	938
7	18	53	8	A-4	P2	Y	32	343	2421	5834	1034
7	6	54	9	A-4	P2	Y	36	391	2806	5449	649
7	9	54	9	A-1	P2	Y	35	379	2710	5545	745
7	12	54	8	C-4	P2	Y	34	367	2614	5641	841
7	15	54	8	C-1	P2	Y	33	355	2518	5737	937
7	18	54	8	A-4	P2	Y	32	343	2422	5833	1033
7	6	55	9	A-4	P2	Y	36	391	2807	5448	648
7	9	55	9	A-1	P2	Y	35	379	2711	5544	744
7	12	55	8	C-4	P2	Y	34	367	2615	5640	840
7	15	55	8	C-1	P2	Y	33	355	2519	5736	936
7	18	55	8	A-4	P2	Y	32	343	2423	5832	1032
7	6	56	9	A-4	P2	Y	36	391	2808	5447	647
7	9	56	9	A-1	P2	Y	35	379	2712	5543	743
7	12	56	8	C-4	P2	Y	34	367	2616	5639	839
7	15	56	8	C-1	P2	Y	33	355	2520	5735	935
7	18	56	8	A-4	P2	Y	32	343	2424	5831	1031
7	6	57	9	A-4	P2	Y	36	391	2809	5446	646
7	9	57	9	A-1	P2	Y	35	379	2713	5542	742
7	12	57	8	C-4	P2	Y	34	367	2617	5638	838
7	15	57	8	C-1	P2	Y	33	355	2521	5734	934
7	18	57	8	A-4	P2	Y	32	343	2425	5830	1030
7	6	58	9	A-4	P2	Y	36	391	2810	5445	645
7	9	58	9	A-1	P2	Y	35	379	2714	5541	741
7	12	58	8	C-4	P2	Y	34	367	2618	5637	837
7	15	58	8	C-1	P2	Y	33	355	2522	5733	933
7	18	58	8	A-4	P2	Y	32	343	2426	5829	1029
7	6	59	9	A-4	P2	Y	36	391	2811	5444	644
7	9	59	9	A-1	P2	Y	35	379	2715	5540	740
7	12	59	8	C-4	P2	Y	34	367	2619	5636	836
7	15	59	8	C-1	P2	Y	33	355	2523	5732	932
7	18	59	8	A-4	P2	Y	32	343	2427	5828	1028
7	6	60	9	A-4	P2	Y	36	391	2812	5443	643
7	9	60	9	A-1	P2	Y	35	379	2716	5539	739
7	12	60	8	C-4	P2	Y	34	367	2620	5635	835
7	15	60	8	C-1	P2	Y	33	355	2524	5731	931
7	18	60	8	A-4	P2	Y	32	343	2428	5827	1027
7	6	61	9	A-4	P2	Y	36	391	2813	5442	642
7	9	61	9	A-1	P2	Y	35	379	2717	5538	738
7	12	61	8	C-4	P2	Y	34	367	2621	5634	834
7	15	61	8	C-1	P2	Y	33	355	2525	5730	930
7	18	61	8	A-4	P2	Y	32	343	2429	5826	1026
7	6	62	9	A-4	P2	Y	36	391	2814	5441	641
7	9	62	9	A-1	P2	Y	35	379	2718	5537	737
7	12	62	8	C-4	P2	Y	34	367	2622	5633	833
7	15	62	8	C-1	P2	Y	33	355	2526	5729	929
7	18	62	8	A-4	P2	Y	32	343	2430	5825	1025
7	6	63	9	A-4	P2	Y	36	391	2815	5440	640
7	9	63	9	A-1	P2	Y	35	379	2719	5536	736
7	12	63	8	C-4	P2	Y	34	367	2623	5632	832
7	15	63	8	C-1	P2	Y	33	355	2527	5728	928
7	18	63	8	A-4	P2	Y	32	343	2431	5824	1024
7	6	16	9	B-4	P1	U	36	393	2072	327	327
7	9	16	9	B-1	P1	U	35	381	2024	375	375
7	12	16	8	D-4	P1	U	34	369	1976	423	423
7	15	16	8	D-1	P1	U	33	357	1928	471	471
7	18	16	8	B-4	P1	U	32	345	1880	519	519
7	6	17	9	B-4	P1	V	36	393	1400	3399	999
7	9	17	9	B-1	P1	V	35	381	1352	3447	1047
7	12	17	8	D-4	P1	V	34	369	1304	3495	1095
7	15	17	8	D-1	P1	V	33	357	1256	3543	1143
7	18	17	8	B-4	P1	V	32	345	1208	3591	1191
7	6	18	9	B-4	P1	U	36	393	2073	326	326
7	9	18	9	B-1	P1	U	35	381	2025	374	374
7	12	18	8	D-4	P1	U	34	369	1977	422	422
7	15	18	8	D-1	P1	U	33	357	1929	470	470
7	18	18	8	B-4	P1	U	32	345	1881	518	518
7	6	19	9	B-4	P1	V	36	393	1401	3398	998
7	9	19	9	B-1	P1	V	35	381	1353	3446	1046
7	12	19	8	D-4	P1	V	34	369	1305	3494	1094
7	15	19	8	D-1	P1	V	33	357	1257	3542	1142
7	18	19	8	B-4	P1	V	32	345	1209	3590	1190
7	6	20	9	B-4	P1	U	36	393	2074	325	325
7	9	20	9	B-1	P1	U	35	381	2026	373	373
7	12	20	8	D-4	P1	U	34	369	1978	421	421
7	15	20	8	D-1	P1	U	33	357	1930	469	469
7	18	20	8	B-4	P1	U	32	345	1882	517	517
7	6	21	9	B-4	P1	V	36	393	1402	3397	997
7	9	21	9	B-1	P1	V	35	381	1354	3445	1045
7	12	21	8	D-4	P1	V	34	369	1306	3493	1093
7	15	21	8	D-1	P1	V	33	357	1258	3541	1141
7	18	21	8	B-4	P1	V	32	345	1210	3589	1189
7	6	22	9	B-4	P1	U	36	393	2075	324	324
7	9	22	9	B-1	P1	U	35	381	2027	372	372
7	12	22	8	D-4	P1	U	34	369	1979	420	420
7	15	22	8	D-1	P1	U	33	357	1931	468	468
7	18	22	8	B-4	P1	U	32	345	1883	516	516
7	6	23	9	B-4	P1	V	36	393	1403	3396	996
7	9	23	9	B-1	P1	V	35	381	1355	3444	1044
7	12	23	8	D-4	P1	V	34	369	1307	3492	1092
7	15	23	8	D-1	P1	V	33	357	1259	3540	1140
7	18	23	8	B-4	P1	V	32	345	1211	3588	1188
7	6	24	9	B-4	P1	U	36	393	2076	323	323
7	9	24	9	B-1	P1	U	35	381	2028	371	371
7	12	24	8	D-4	P1	U	34	369	1980	419	419
7	15	24	8	D-1	P1	U	33	357	1932	467	467
7	18	24	8	B-4	P1	U	32	345	1884	515	515
7	6	25	9	B-4	P1	V	36	393	1404	3395	995
7	9	25	9	B-1	P1	V	35	381	1356	3443	1043
7	12	25	8	D-4	P1	V	34	369	1308	3491	1091
7	15	25	8	D-1	P1	V	33	357	1260	3539	1139
7	18	25	8	B-4	P1	V	32	345	1212	3587	1187
7	6	26	9	B-4	P1	U	36	393	2077	322	322
7	9	26	9	B-1	P1	U	35	381	2029	370	370
7	12	26	8	D-4	P1	U	34	369	1981	418	418
7	15	26	8	D-1	P1	U	33	357	1933	466	466
7	18	26	8	B-4	P1	U	32	345	1885	514	514
7	6	27	9	B-4	P1	V	36	393	1405	3394	994
7	9	27	9	B-1	P1	V	35	381	1357	3442	1042
7	12	27	8	D-4	P1	V	34	369	1309	3490	1090
7	15	27	8	D-1	P1	V	33	357	1261	3538	1138
7	18	27	8	B-4	P1	V	32	345	1213	3586	1186
7	6	28	9	B-4	P1	U	36	393	2078	321	321
7	9	28	9	B-1	P1	U	35	381	2030	369	369
7	12	28	8	D-4	P1	U	34	369	1982	417	417
7	15	28	8	D-1	P1	U	33	357	1934	465	465
7	18	28	8	B-4	P1	U	32	345	1886	513	513
7	6	29	9	B-4	P1	V	36	393	1406	3393	993
7	9	29	9	B-1	P1	V	35	381	1358	3441	1041
7	12	29	8	D-4	P1	V	34	369	1310	3489	1089
7	15	29	8	D-1	P1	V	33	357	1262	3537	1137
7	18	29	8	B-4	P1	V	32	345	1214	3585	1185
7	6	30	9	B-4	P1	U	36	393	2079	320	320
7	9	30	9	B-1	P1	U	35	381	2031	368	368
7	12	30	8	D-4	P1	U	34	369	1983	416	416
7	15	30	8	D-1	P1	U	33	357	1935	464	464
7	18	30	8	B-4	P1	U	32	345	1887	512	512
7	6	31	9	B-4	P1	V	36	393	1407	3392	992
7	9	31	9	B-1	P1	V	35	381	1359	3440	1040
7	12	31	8	D-4	P1	V	34	369	1311	3488	1088
7	15	31	8	D-1	P1	V	33	357	1263	3536	1136
7	18	31	8	B-4	P1	V	32	345	1215	3584	1184
7	6	0	9	B-4	P1	U	36	392	2064	335	335
7	9	0	9	B-1	P1	U	35	380	2016	383	383
7	12	0	8	D-4	P1	U	34	368	1968	431	431
7	15	0	8	D-1	P1	U	33	356	1920	479	479
7	18	0	8	B-4	P1	U	32	344	1872	527	527
7	6	1	9	B-4	P1	V	36	392	1392	3407	1007
7	9	1	9	B-1	P1	V	35	380	1344	3455	1055
7	12	1	8	D-4	P1	V	34	368	1296	3503	1103
7	15	1	8	D-1	P1	V	33	356	1248	3551	1151
7	18	1	8	B-4	P1	V	32	344	1200	3599	1199
7	6	2	9	B-4	P1	U	36	392	2065	334	334
7	9	2	9	B-1	P1	U	35	380	2017	382	382
7	12	2	8	D-4	P1	U	34	368	1969	430	430
7	15	2	8	D-1	P1	U	33	356	1921	478	478
7	18	2	8	B-4	P1	U	32	344	1873	526	526
7	6	3	9	B-4	P1	V	36	392	1393	3406	1006
7	9	3	9	B-1	P1	V	35	380	1345	3454	1054
7	12	3	8	D-4	P1	V	34	368	1297	3502	1102
7	15	3	8	D-1	P1	V	33	356	1249	3550	1150
7	18	3	8	B-4	P1	V	32	344	1201	3598	1198
7	6	4	9	B-4	P1	U	36	392	2066	333	333
7	9	4	9	B-1	P1	U	35	380	2018	381	381
7	12	4	8	D-4	P1	U	34	368	1970	429	429
7	15	4	8	D-1	P1	U	33	356	1922	477	477
7	18	4	8	B-4	P1	U	32	344	1874	525	525
7	6	5	9	B-4	P1	V	36	392	1394	3405	1005
7	9	5	9	B-1	P1	V	35	380	1346	3453	1053
7	12	5	8	D-4	P1	V	34	368	1298	3501	1101
7	15	5	8	D-1	P1	V	33	356	1250	3549	1149
7	18	5	8	B-4	P1	V	32	344	1202	3597	1197
7	6	6	9	B-4	P1	U	36	392	2067	332	332
7	9	6	9	B-1	P1	U	35	380	2019	380	380
7	12	6	8	D-4	P1	U	34	368	1971	428	428
7	15	6	8	D-1	P1	U	33	356	1923	476	476
7	18	6	8	B-4	P1	U	32	344	1875	524	524
7	6	7	9	B-4	P1	V	36	392	1395	3404	1004
7	9	7	9	B-1	P1	V	35	380	1347	3452	1052
7	12	7	8	D-4	P1	V	34	368	1299	3500	1100
7	15	7	8	D-1	P1	V	33	356	1251	3548	1148
7	18	7	8	B-4	P1	V	32	344	1203	3596	1196
7	6	8	9	B-4	P1	U	36	392	2068	331	331
7	9	8	9	B-1	P1	U	35	380	2020	379	379
7	12	8	8	D-4	P1	U	34	368	1972	427	427
7	15	8	8	D-1	P1	U	33	356	1924	475	475
7	18	8	8	B-4	P1	U	32	344	1876	523	523
7	6	9	9	B-4	P1	V	36	392	1396	3403	1003
7	9	9	9	B-1	P1	V	35	380	1348	3451	1051
7	12	9	8	D-4	P1	V	34	368	1300	3499	1099
7	15	9	8	D-1	P1	V	33	356	1252	3547	1147
7	18	9	8	B-4	P1	V	32	344	1204	3595	1195
7	6	10	9	B-4	P1	U	36	392	2069	330	330
7	9	10	9	B-1	P1	U	35	380	2021	378	378
7	12	10	8	D-4	P1	U	34	368	1973	426	426
7	15	10	8	D-1	P1	U	33	356	1925	474	474
7	18	10	8	B-4	P1	U	32	344	1877	522	522
7	6	11	9	B-4	P1	V	36	392	1397	3402	1002
7	9	11	9	B-1	P1	V	35	380	1349	3450	1050
7	12	11	8	D-4	P1	V	34	368	1301	3498	1098
7	15	11	8	D-1	P1	V	33	356	1253	3546	1146
7	18	11	8	B-4	P1	V	32	344	1205	3594	1194
7	6	12	9	B-4	P1	U	36	392	2070	329	329
7	9	12	9	B-1	P1	U	35	380	2022	377	377
7	12	12	8	D-4	P1	U	34	368	1974	425	425
7	15	12	8	D-1	P1	U	33	356	1926	473	473
7	18	12	8	B-4	P1	U	32	344	1878	521	521
7	6	13	9	B-4	P1	V	36	392	1398	3401	1001
7	9	13	9	B-1	P1	V	35	380	1350	3449	1049
7	12	13	8	D-4	P1	V	34	368	1302	3497	1097
7	15	13	8	D-1	P1	V	33	356	1254	3545	1145
7	18	13	8	B-4	P1	V	32	344	1206	3593	1193
7	6	14	9	B-4	P1	U	36	392	2071	328	328
7	9	14	9	B-1	P1	U	35	380	2023	376	376
7	12	14	8	D-4	P1	U	34	368	1975	424	424
7	15	14	8	D-1	P1	U	33	356	1927	472	472
7	18	14	8	B-4	P1	U	32	344	1879	520	520
7	6	15	9	B-4	P1	V	36	392	1399	3400	1000
7	9	15	9	B-1	P1	V	35	380	1351	3448	1048
7	12	15	8	D-4	P1	V	34	368	1303	3496	1096
7	15	15	8	D-1	P1	V	33	356	1255	3544	1144
7	18	15	8	B-4	P1	V	32	344	1207	3592	1192
7	5	32	9	A-5	P2	Y	36	394	2816	5439	639
7	8	32	9	A-2	P2	Y	35	382	2720	5535	735
7	11	32	8	C-5	P2	Y	34	370	2624	5631	831
7	14	32	8	C-2	P2	Y	33	358	2528	5727	927
7	17	32	8	A-5	P2	Y	32	346	2432	5823	1023
7	5	33	9	A-5	P2	Y	36	394	2817	5438	638
7	8	33	9	A-2	P2	Y	35	382	2721	5534	734
7	11	33	8	C-5	P2	Y	34	370	2625	5630	830
7	14	33	8	C-2	P2	Y	33	358	2529	5726	926
7	17	33	8	A-5	P2	Y	32	346	2433	5822	1022
7	5	34	9	A-5	P2	Y	36	394	2818	5437	637
7	8	34	9	A-2	P2	Y	35	382	2722	5533	733
7	11	34	8	C-5	P2	Y	34	370	2626	5629	829
7	14	34	8	C-2	P2	Y	33	358	2530	5725	925
7	17	34	8	A-5	P2	Y	32	346	2434	5821	1021
7	5	35	9	A-5	P2	Y	36	394	2819	5436	636
7	8	35	9	A-2	P2	Y	35	382	2723	5532	732
7	11	35	8	C-5	P2	Y	34	370	2627	5628	828
7	14	35	8	C-2	P2	Y	33	358	2531	5724	924
7	17	35	8	A-5	P2	Y	32	346	2435	5820	1020
7	5	36	9	A-5	P2	Y	36	394	2820	5435	635
7	8	36	9	A-2	P2	Y	35	382	2724	5531	731
7	11	36	8	C-5	P2	Y	34	370	2628	5627	827
7	14	36	8	C-2	P2	Y	33	358	2532	5723	923
7	17	36	8	A-5	P2	Y	32	346	2436	5819	1019
7	5	37	9	A-5	P2	Y	36	394	2821	5434	634
7	8	37	9	A-2	P2	Y	35	382	2725	5530	730
7	11	37	8	C-5	P2	Y	34	370	2629	5626	826
7	14	37	8	C-2	P2	Y	33	358	2533	5722	922
7	17	37	8	A-5	P2	Y	32	346	2437	5818	1018
7	5	38	9	A-5	P2	Y	36	394	2822	5433	633
7	8	38	9	A-2	P2	Y	35	382	2726	5529	729
7	11	38	8	C-5	P2	Y	34	370	2630	5625	825
7	14	38	8	C-2	P2	Y	33	358	2534	5721	921
7	17	38	8	A-5	P2	Y	32	346	2438	5817	1017
7	5	39	9	A-5	P2	Y	36	394	2823	5432	632
7	8	39	9	A-2	P2	Y	35	382	2727	5528	728
7	11	39	8	C-5	P2	Y	34	370	2631	5624	824
7	14	39	8	C-2	P2	Y	33	358	2535	5720	920
7	17	39	8	A-5	P2	Y	32	346	2439	5816	1016
7	5	40	9	A-5	P2	Y	36	394	2824	5431	631
7	8	40	9	A-2	P2	Y	35	382	2728	5527	727
7	11	40	8	C-5	P2	Y	34	370	2632	5623	823
7	14	40	8	C-2	P2	Y	33	358	2536	5719	919
7	17	40	8	A-5	P2	Y	32	346	2440	5815	1015
7	5	41	9	A-5	P2	Y	36	394	2825	5430	630
7	8	41	9	A-2	P2	Y	35	382	2729	5526	726
7	11	41	8	C-5	P2	Y	34	370	2633	5622	822
7	14	41	8	C-2	P2	Y	33	358	2537	5718	918
7	17	41	8	A-5	P2	Y	32	346	2441	5814	1014
7	5	42	9	A-5	P2	Y	36	394	2826	5429	629
7	8	42	9	A-2	P2	Y	35	382	2730	5525	725
7	11	42	8	C-5	P2	Y	34	370	2634	5621	821
7	14	42	8	C-2	P2	Y	33	358	2538	5717	917
7	17	42	8	A-5	P2	Y	32	346	2442	5813	1013
7	5	43	9	A-5	P2	Y	36	394	2827	5428	628
7	8	43	9	A-2	P2	Y	35	382	2731	5524	724
7	11	43	8	C-5	P2	Y	34	370	2635	5620	820
7	14	43	8	C-2	P2	Y	33	358	2539	5716	916
7	17	43	8	A-5	P2	Y	32	346	2443	5812	1012
7	5	44	9	A-5	P2	Y	36	394	2828	5427	627
7	8	44	9	A-2	P2	Y	35	382	2732	5523	723
7	11	44	8	C-5	P2	Y	34	370	2636	5619	819
7	14	44	8	C-2	P2	Y	33	358	2540	5715	915
7	17	44	8	A-5	P2	Y	32	346	2444	5811	1011
7	5	45	9	A-5	P2	Y	36	394	2829	5426	626
7	8	45	9	A-2	P2	Y	35	382	2733	5522	722
7	11	45	8	C-5	P2	Y	34	370	2637	5618	818
7	14	45	8	C-2	P2	Y	33	358	2541	5714	914
7	17	45	8	A-5	P2	Y	32	346	2445	5810	1010
7	5	46	9	A-5	P2	Y	36	394	2830	5425	625
7	8	46	9	A-2	P2	Y	35	382	2734	5521	721
7	11	46	8	C-5	P2	Y	34	370	2638	5617	817
7	14	46	8	C-2	P2	Y	33	358	2542	5713	913
7	17	46	8	A-5	P2	Y	32	346	2446	5809	1009
7	5	47	9	A-5	P2	Y	36	394	2831	5424	624
7	8	47	9	A-2	P2	Y	35	382	2735	5520	720
7	11	47	8	C-5	P2	Y	34	370	2639	5616	816
7	14	47	8	C-2	P2	Y	33	358	2543	5712	912
7	17	47	8	A-5	P2	Y	32	346	2447	5808	1008
7	5	48	9	A-5	P2	Y	36	395	2832	5423	623
7	8	48	9	A-2	P2	Y	35	383	2736	5519	719
7	11	48	8	C-5	P2	Y	34	371	2640	5615	815
7	14	48	8	C-2	P2	Y	33	359	2544	5711	911
7	17	48	8	A-5	P2	Y	32	347	2448	5807	1007
7	5	49	9	A-5	P2	Y	36	395	2833	5422	622
7	8	49	9	A-2	P2	Y	35	383	2737	5518	718
7	11	49	8	C-5	P2	Y	34	371	2641	5614	814
7	14	49	8	C-2	P2	Y	33	359	2545	5710	910
7	17	49	8	A-5	P2	Y	32	347	2449	5806	1006
7	5	50	9	A-5	P2	Y	36	395	2834	5421	621
7	8	50	9	A-2	P2	Y	35	383	2738	5517	717
7	11	50	8	C-5	P2	Y	34	371	2642	5613	813
7	14	50	8	C-2	P2	Y	33	359	2546	5709	909
7	17	50	8	A-5	P2	Y	32	347	2450	5805	1005
7	5	51	9	A-5	P2	Y	36	395	2835	5420	620
7	8	51	9	A-2	P2	Y	35	383	2739	5516	716
7	11	51	8	C-5	P2	Y	34	371	2643	5612	812
7	14	51	8	C-2	P2	Y	33	359	2547	5708	908
7	17	51	8	A-5	P2	Y	32	347	2451	5804	1004
7	5	52	9	A-5	P2	Y	36	395	2836	5419	619
7	8	52	9	A-2	P2	Y	35	383	2740	5515	715
7	11	52	8	C-5	P2	Y	34	371	2644	5611	811
7	14	52	8	C-2	P2	Y	33	359	2548	5707	907
7	17	52	8	A-5	P2	Y	32	347	2452	5803	1003
7	5	53	9	A-5	P2	Y	36	395	2837	5418	618
7	8	53	9	A-2	P2	Y	35	383	2741	5514	714
7	11	53	8	C-5	P2	Y	34	371	2645	5610	810
7	14	53	8	C-2	P2	Y	33	359	2549	5706	906
7	17	53	8	A-5	P2	Y	32	347	2453	5802	1002
7	5	54	9	A-5	P2	Y	36	395	2838	5417	617
7	8	54	9	A-2	P2	Y	35	383	2742	5513	713
7	11	54	8	C-5	P2	Y	34	371	2646	5609	809
7	14	54	8	C-2	P2	Y	33	359	2550	5705	905
7	17	54	8	A-5	P2	Y	32	347	2454	5801	1001
7	5	55	9	A-5	P2	Y	36	395	2839	5416	616
7	8	55	9	A-2	P2	Y	35	383	2743	5512	712
7	11	55	8	C-5	P2	Y	34	371	2647	5608	808
7	14	55	8	C-2	P2	Y	33	359	2551	5704	904
7	17	55	8	A-5	P2	Y	32	347	2455	5800	1000
7	5	56	9	A-5	P2	Y	36	395	2840	5415	615
7	8	56	9	A-2	P2	Y	35	383	2744	5511	711
7	11	56	8	C-5	P2	Y	34	371	2648	5607	807
7	14	56	8	C-2	P2	Y	33	359	2552	5703	903
7	17	56	8	A-5	P2	Y	32	347	2456	5799	999
7	5	57	9	A-5	P2	Y	36	395	2841	5414	614
7	8	57	9	A-2	P2	Y	35	383	2745	5510	710
7	11	57	8	C-5	P2	Y	34	371	2649	5606	806
7	14	57	8	C-2	P2	Y	33	359	2553	5702	902
7	17	57	8	A-5	P2	Y	32	347	2457	5798	998
7	5	58	9	A-5	P2	Y	36	395	2842	5413	613
7	8	58	9	A-2	P2	Y	35	383	2746	5509	709
7	11	58	8	C-5	P2	Y	34	371	2650	5605	805
7	14	58	8	C-2	P2	Y	33	359	2554	5701	901
7	17	58	8	A-5	P2	Y	32	347	2458	5797	997
7	5	59	9	A-5	P2	Y	36	395	2843	5412	612
7	8	59	9	A-2	P2	Y	35	383	2747	5508	708
7	11	59	8	C-5	P2	Y	34	371	2651	5604	804
7	14	59	8	C-2	P2	Y	33	359	2555	5700	900
7	17	59	8	A-5	P2	Y	32	347	2459	5796	996
7	5	60	9	A-5	P2	Y	36	395	2844	5411	611
7	8	60	9	A-2	P2	Y	35	383	2748	5507	707
7	11	60	8	C-5	P2	Y	34	371	2652	5603	803
7	14	60	8	C-2	P2	Y	33	359	2556	5699	899
7	17	60	8	A-5	P2	Y	32	347	2460	5795	995
7	5	61	9	A-5	P2	Y	36	395	2845	5410	610
7	8	61	9	A-2	P2	Y	35	383	2749	5506	706
7	11	61	8	C-5	P2	Y	34	371	2653	5602	802
7	14	61	8	C-2	P2	Y	33	359	2557	5698	898
7	17	61	8	A-5	P2	Y	32	347	2461	5794	994
7	5	62	9	A-5	P2	Y	36	395	2846	5409	609
7	8	62	9	A-2	P2	Y	35	383	2750	5505	705
7	11	62	8	C-5	P2	Y	34	371	2654	5601	801
7	14	62	8	C-2	P2	Y	33	359	2558	5697	897
7	17	62	8	A-5	P2	Y	32	347	2462	5793	993
7	5	63	9	A-5	P2	Y	36	395	2847	5408	608
7	8	63	9	A-2	P2	Y	35	383	2751	5504	704
7	11	63	8	C-5	P2	Y	34	371	2655	5600	800
7	14	63	8	C-2	P2	Y	33	359	2559	5696	896
7	17	63	8	A-5	P2	Y	32	347	2463	5792	992
7	5	16	9	B-5	P1	U	36	397	2088	311	311
7	8	16	9	B-2	P1	U	35	385	2040	359	359
7	11	16	8	D-5	P1	U	34	373	1992	407	407
7	14	16	8	D-2	P1	U	33	361	1944	455	455
7	17	16	8	B-5	P1	U	32	349	1896	503	503
7	5	17	9	B-5	P1	V	36	397	1416	3383	983
7	8	17	9	B-2	P1	V	35	385	1368	3431	1031
7	11	17	8	D-5	P1	V	34	373	1320	3479	1079
7	14	17	8	D-2	P1	V	33	361	1272	3527	1127
7	17	17	8	B-5	P1	V	32	349	1224	3575	1175
7	5	18	9	B-5	P1	U	36	397	2089	310	310
7	8	18	9	B-2	P1	U	35	385	2041	358	358
7	11	18	8	D-5	P1	U	34	373	1993	406	406
7	14	18	8	D-2	P1	U	33	361	1945	454	454
7	17	18	8	B-5	P1	U	32	349	1897	502	502
7	5	19	9	B-5	P1	V	36	397	1417	3382	982
7	8	19	9	B-2	P1	V	35	385	1369	3430	1030
7	11	19	8	D-5	P1	V	34	373	1321	3478	1078
7	14	19	8	D-2	P1	V	33	361	1273	3526	1126
7	17	19	8	B-5	P1	V	32	349	1225	3574	1174
7	5	20	9	B-5	P1	U	36	397	2090	309	309
7	8	20	9	B-2	P1	U	35	385	2042	357	357
7	11	20	8	D-5	P1	U	34	373	1994	405	405
7	14	20	8	D-2	P1	U	33	361	1946	453	453
7	17	20	8	B-5	P1	U	32	349	1898	501	501
7	5	21	9	B-5	P1	V	36	397	1418	3381	981
7	8	21	9	B-2	P1	V	35	385	1370	3429	1029
7	11	21	8	D-5	P1	V	34	373	1322	3477	1077
7	14	21	8	D-2	P1	V	33	361	1274	3525	1125
7	17	21	8	B-5	P1	V	32	349	1226	3573	1173
7	5	22	9	B-5	P1	U	36	397	2091	308	308
7	8	22	9	B-2	P1	U	35	385	2043	356	356
7	11	22	8	D-5	P1	U	34	373	1995	404	404
7	14	22	8	D-2	P1	U	33	361	1947	452	452
7	17	22	8	B-5	P1	U	32	349	1899	500	500
7	5	23	9	B-5	P1	V	36	397	1419	3380	980
7	8	23	9	B-2	P1	V	35	385	1371	3428	1028
7	11	23	8	D-5	P1	V	34	373	1323	3476	1076
7	14	23	8	D-2	P1	V	33	361	1275	3524	1124
7	17	23	8	B-5	P1	V	32	349	1227	3572	1172
7	5	24	9	B-5	P1	U	36	397	2092	307	307
7	8	24	9	B-2	P1	U	35	385	2044	355	355
7	11	24	8	D-5	P1	U	34	373	1996	403	403
7	14	24	8	D-2	P1	U	33	361	1948	451	451
7	17	24	8	B-5	P1	U	32	349	1900	499	499
7	5	25	9	B-5	P1	V	36	397	1420	3379	979
7	8	25	9	B-2	P1	V	35	385	1372	3427	1027
7	11	25	8	D-5	P1	V	34	373	1324	3475	1075
7	14	25	8	D-2	P1	V	33	361	1276	3523	1123
7	17	25	8	B-5	P1	V	32	349	1228	3571	1171
7	5	26	9	B-5	P1	U	36	397	2093	306	306
7	8	26	9	B-2	P1	U	35	385	2045	354	354
7	11	26	8	D-5	P1	U	34	373	1997	402	402
7	14	26	8	D-2	P1	U	33	361	1949	450	450
7	17	26	8	B-5	P1	U	32	349	1901	498	498
7	5	27	9	B-5	P1	V	36	397	1421	3378	978
7	8	27	9	B-2	P1	V	35	385	1373	3426	1026
7	11	27	8	D-5	P1	V	34	373	1325	3474	1074
7	14	27	8	D-2	P1	V	33	361	1277	3522	1122
7	17	27	8	B-5	P1	V	32	349	1229	3570	1170
7	5	28	9	B-5	P1	U	36	397	2094	305	305
7	8	28	9	B-2	P1	U	35	385	2046	353	353
7	11	28	8	D-5	P1	U	34	373	1998	401	401
7	14	28	8	D-2	P1	U	33	361	1950	449	449
7	17	28	8	B-5	P1	U	32	349	1902	497	497
7	5	29	9	B-5	P1	V	36	397	1422	3377	977
7	8	29	9	B-2	P1	V	35	385	1374	3425	1025
7	11	29	8	D-5	P1	V	34	373	1326	3473	1073
7	14	29	8	D-2	P1	V	33	361	1278	3521	1121
7	17	29	8	B-5	P1	V	32	349	1230	3569	1169
7	5	30	9	B-5	P1	U	36	397	2095	304	304
7	8	30	9	B-2	P1	U	35	385	2047	352	352
7	11	30	8	D-5	P1	U	34	373	1999	400	400
7	14	30	8	D-2	P1	U	33	361	1951	448	448
7	17	30	8	B-5	P1	U	32	349	1903	496	496
7	5	31	9	B-5	P1	V	36	397	1423	3376	976
7	8	31	9	B-2	P1	V	35	385	1375	3424	1024
7	11	31	8	D-5	P1	V	34	373	1327	3472	1072
7	14	31	8	D-2	P1	V	33	361	1279	3520	1120
7	17	31	8	B-5	P1	V	32	349	1231	3568	1168
7	5	0	9	B-5	P1	U	36	396	2080	319	319
7	8	0	9	B-2	P1	U	35	384	2032	367	367
7	11	0	8	D-5	P1	U	34	372	1984	415	415
7	14	0	8	D-2	P1	U	33	360	1936	463	463
7	17	0	8	B-5	P1	U	32	348	1888	511	511
7	5	1	9	B-5	P1	V	36	396	1408	3391	991
7	8	1	9	B-2	P1	V	35	384	1360	3439	1039
7	11	1	8	D-5	P1	V	34	372	1312	3487	1087
7	14	1	8	D-2	P1	V	33	360	1264	3535	1135
7	17	1	8	B-5	P1	V	32	348	1216	3583	1183
7	5	2	9	B-5	P1	U	36	396	2081	318	318
7	8	2	9	B-2	P1	U	35	384	2033	366	366
7	11	2	8	D-5	P1	U	34	372	1985	414	414
7	14	2	8	D-2	P1	U	33	360	1937	462	462
7	17	2	8	B-5	P1	U	32	348	1889	510	510
7	5	3	9	B-5	P1	V	36	396	1409	3390	990
7	8	3	9	B-2	P1	V	35	384	1361	3438	1038
7	11	3	8	D-5	P1	V	34	372	1313	3486	1086
7	14	3	8	D-2	P1	V	33	360	1265	3534	1134
7	17	3	8	B-5	P1	V	32	348	1217	3582	1182
7	5	4	9	B-5	P1	U	36	396	2082	317	317
7	8	4	9	B-2	P1	U	35	384	2034	365	365
7	11	4	8	D-5	P1	U	34	372	1986	413	413
7	14	4	8	D-2	P1	U	33	360	1938	461	461
7	17	4	8	B-5	P1	U	32	348	1890	509	509
7	5	5	9	B-5	P1	V	36	396	1410	3389	989
7	8	5	9	B-2	P1	V	35	384	1362	3437	1037
7	11	5	8	D-5	P1	V	34	372	1314	3485	1085
7	14	5	8	D-2	P1	V	33	360	1266	3533	1133
7	17	5	8	B-5	P1	V	32	348	1218	3581	1181
7	5	6	9	B-5	P1	U	36	396	2083	316	316
7	8	6	9	B-2	P1	U	35	384	2035	364	364
7	11	6	8	D-5	P1	U	34	372	1987	412	412
7	14	6	8	D-2	P1	U	33	360	1939	460	460
7	17	6	8	B-5	P1	U	32	348	1891	508	508
7	5	7	9	B-5	P1	V	36	396	1411	3388	988
7	8	7	9	B-2	P1	V	35	384	1363	3436	1036
7	11	7	8	D-5	P1	V	34	372	1315	3484	1084
7	14	7	8	D-2	P1	V	33	360	1267	3532	1132
7	17	7	8	B-5	P1	V	32	348	1219	3580	1180
7	5	8	9	B-5	P1	U	36	396	2084	315	315
7	8	8	9	B-2	P1	U	35	384	2036	363	363
7	11	8	8	D-5	P1	U	34	372	1988	411	411
7	14	8	8	D-2	P1	U	33	360	1940	459	459
7	17	8	8	B-5	P1	U	32	348	1892	507	507
7	5	9	9	B-5	P1	V	36	396	1412	3387	987
7	8	9	9	B-2	P1	V	35	384	1364	3435	1035
7	11	9	8	D-5	P1	V	34	372	1316	3483	1083
7	14	9	8	D-2	P1	V	33	360	1268	3531	1131
7	17	9	8	B-5	P1	V	32	348	1220	3579	1179
7	5	10	9	B-5	P1	U	36	396	2085	314	314
7	8	10	9	B-2	P1	U	35	384	2037	362	362
7	11	10	8	D-5	P1	U	34	372	1989	410	410
7	14	10	8	D-2	P1	U	33	360	1941	458	458
7	17	10	8	B-5	P1	U	32	348	1893	506	506
7	5	11	9	B-5	P1	V	36	396	1413	3386	986
7	8	11	9	B-2	P1	V	35	384	1365	3434	1034
7	11	11	8	D-5	P1	V	34	372	1317	3482	1082
7	14	11	8	D-2	P1	V	33	360	1269	3530	1130
7	17	11	8	B-5	P1	V	32	348	1221	3578	1178
7	5	12	9	B-5	P1	U	36	396	2086	313	313
7	8	12	9	B-2	P1	U	35	384	2038	361	361
7	11	12	8	D-5	P1	U	34	372	1990	409	409
7	14	12	8	D-2	P1	U	33	360	1942	457	457
7	17	12	8	B-5	P1	U	32	348	1894	505	505
7	5	13	9	B-5	P1	V	36	396	1414	3385	985
7	8	13	9	B-2	P1	V	35	384	1366	3433	1033
7	11	13	8	D-5	P1	V	34	372	1318	3481	1081
7	14	13	8	D-2	P1	V	33	360	1270	3529	1129
7	17	13	8	B-5	P1	V	32	348	1222	3577	1177
7	5	14	9	B-5	P1	U	36	396	2087	312	312
7	8	14	9	B-2	P1	U	35	384	2039	360	360
7	11	14	8	D-5	P1	U	34	372	1991	408	408
7	14	14	8	D-2	P1	U	33	360	1943	456	456
7	17	14	8	B-5	P1	U	32	348	1895	504	504
7	5	15	9	B-5	P1	V	36	396	1415	3384	984
7	8	15	9	B-2	P1	V	35	384	1367	3432	1032
7	11	15	8	D-5	P1	V	34	372	1319	3480	1080
7	14	15	8	D-2	P1	V	33	360	1271	3528	1128
7	17	15	8	B-5	P1	V	32	348	1223	3576	1176
7	4	32	9	A-6	P2	Y	36	398	2848	5407	607
7	7	32	9	A-3	P2	Y	35	386	2752	5503	703
7	10	32	8	C-6	P2	Y	34	374	2656	5599	799
7	13	32	8	C-3	P2	Y	33	362	2560	5695	895
7	16	32	8	A-6	P2	Y	32	350	2464	5791	991
7	4	33	9	A-6	P2	Y	36	398	2849	5406	606
7	7	33	9	A-3	P2	Y	35	386	2753	5502	702
7	10	33	8	C-6	P2	Y	34	374	2657	5598	798
7	13	33	8	C-3	P2	Y	33	362	2561	5694	894
7	16	33	8	A-6	P2	Y	32	350	2465	5790	990
7	4	34	9	A-6	P2	Y	36	398	2850	5405	605
7	7	34	9	A-3	P2	Y	35	386	2754	5501	701
7	10	34	8	C-6	P2	Y	34	374	2658	5597	797
7	13	34	8	C-3	P2	Y	33	362	2562	5693	893
7	16	34	8	A-6	P2	Y	32	350	2466	5789	989
7	4	35	9	A-6	P2	Y	36	398	2851	5404	604
7	7	35	9	A-3	P2	Y	35	386	2755	5500	700
7	10	35	8	C-6	P2	Y	34	374	2659	5596	796
7	13	35	8	C-3	P2	Y	33	362	2563	5692	892
7	16	35	8	A-6	P2	Y	32	350	2467	5788	988
7	4	36	9	A-6	P2	Y	36	398	2852	5403	603
7	7	36	9	A-3	P2	Y	35	386	2756	5499	699
7	10	36	8	C-6	P2	Y	34	374	2660	5595	795
7	13	36	8	C-3	P2	Y	33	362	2564	5691	891
7	16	36	8	A-6	P2	Y	32	350	2468	5787	987
7	4	37	9	A-6	P2	Y	36	398	2853	5402	602
7	7	37	9	A-3	P2	Y	35	386	2757	5498	698
7	10	37	8	C-6	P2	Y	34	374	2661	5594	794
7	13	37	8	C-3	P2	Y	33	362	2565	5690	890
7	16	37	8	A-6	P2	Y	32	350	2469	5786	986
7	4	38	9	A-6	P2	Y	36	398	2854	5401	601
7	7	38	9	A-3	P2	Y	35	386	2758	5497	697
7	10	38	8	C-6	P2	Y	34	374	2662	5593	793
7	13	38	8	C-3	P2	Y	33	362	2566	5689	889
7	16	38	8	A-6	P2	Y	32	350	2470	5785	985
7	4	39	9	A-6	P2	Y	36	398	2855	5400	600
7	7	39	9	A-3	P2	Y	35	386	2759	5496	696
7	10	39	8	C-6	P2	Y	34	374	2663	5592	792
7	13	39	8	C-3	P2	Y	33	362	2567	5688	888
7	16	39	8	A-6	P2	Y	32	350	2471	5784	984
7	4	40	9	A-6	P2	Y	36	398	2856	5399	599
7	7	40	9	A-3	P2	Y	35	386	2760	5495	695
7	10	40	8	C-6	P2	Y	34	374	2664	5591	791
7	13	40	8	C-3	P2	Y	33	362	2568	5687	887
7	16	40	8	A-6	P2	Y	32	350	2472	5783	983
7	4	41	9	A-6	P2	Y	36	398	2857	5398	598
7	7	41	9	A-3	P2	Y	35	386	2761	5494	694
7	10	41	8	C-6	P2	Y	34	374	2665	5590	790
7	13	41	8	C-3	P2	Y	33	362	2569	5686	886
7	16	41	8	A-6	P2	Y	32	350	2473	5782	982
7	4	42	9	A-6	P2	Y	36	398	2858	5397	597
7	7	42	9	A-3	P2	Y	35	386	2762	5493	693
7	10	42	8	C-6	P2	Y	34	374	2666	5589	789
7	13	42	8	C-3	P2	Y	33	362	2570	5685	885
7	16	42	8	A-6	P2	Y	32	350	2474	5781	981
7	4	43	9	A-6	P2	Y	36	398	2859	5396	596
7	7	43	9	A-3	P2	Y	35	386	2763	5492	692
7	10	43	8	C-6	P2	Y	34	374	2667	5588	788
7	13	43	8	C-3	P2	Y	33	362	2571	5684	884
7	16	43	8	A-6	P2	Y	32	350	2475	5780	980
7	4	44	9	A-6	P2	Y	36	398	2860	5395	595
7	7	44	9	A-3	P2	Y	35	386	2764	5491	691
7	10	44	8	C-6	P2	Y	34	374	2668	5587	787
7	13	44	8	C-3	P2	Y	33	362	2572	5683	883
7	16	44	8	A-6	P2	Y	32	350	2476	5779	979
7	4	45	9	A-6	P2	Y	36	398	2861	5394	594
7	7	45	9	A-3	P2	Y	35	386	2765	5490	690
7	10	45	8	C-6	P2	Y	34	374	2669	5586	786
7	13	45	8	C-3	P2	Y	33	362	2573	5682	882
7	16	45	8	A-6	P2	Y	32	350	2477	5778	978
7	4	46	9	A-6	P2	Y	36	398	2862	5393	593
7	7	46	9	A-3	P2	Y	35	386	2766	5489	689
7	10	46	8	C-6	P2	Y	34	374	2670	5585	785
7	13	46	8	C-3	P2	Y	33	362	2574	5681	881
7	16	46	8	A-6	P2	Y	32	350	2478	5777	977
7	4	47	9	A-6	P2	Y	36	398	2863	5392	592
7	7	47	9	A-3	P2	Y	35	386	2767	5488	688
7	10	47	8	C-6	P2	Y	34	374	2671	5584	784
7	13	47	8	C-3	P2	Y	33	362	2575	5680	880
7	16	47	8	A-6	P2	Y	32	350	2479	5776	976
7	4	48	9	A-6	P2	Y	36	399	2864	5391	591
7	7	48	9	A-3	P2	Y	35	387	2768	5487	687
7	10	48	8	C-6	P2	Y	34	375	2672	5583	783
7	13	48	8	C-3	P2	Y	33	363	2576	5679	879
7	16	48	8	A-6	P2	Y	32	351	2480	5775	975
7	4	49	9	A-6	P2	Y	36	399	2865	5390	590
7	7	49	9	A-3	P2	Y	35	387	2769	5486	686
7	10	49	8	C-6	P2	Y	34	375	2673	5582	782
7	13	49	8	C-3	P2	Y	33	363	2577	5678	878
7	16	49	8	A-6	P2	Y	32	351	2481	5774	974
7	4	50	9	A-6	P2	Y	36	399	2866	5389	589
7	7	50	9	A-3	P2	Y	35	387	2770	5485	685
7	10	50	8	C-6	P2	Y	34	375	2674	5581	781
7	13	50	8	C-3	P2	Y	33	363	2578	5677	877
7	16	50	8	A-6	P2	Y	32	351	2482	5773	973
7	4	51	9	A-6	P2	Y	36	399	2867	5388	588
7	7	51	9	A-3	P2	Y	35	387	2771	5484	684
7	10	51	8	C-6	P2	Y	34	375	2675	5580	780
7	13	51	8	C-3	P2	Y	33	363	2579	5676	876
7	16	51	8	A-6	P2	Y	32	351	2483	5772	972
7	4	52	9	A-6	P2	Y	36	399	2868	5387	587
7	7	52	9	A-3	P2	Y	35	387	2772	5483	683
7	10	52	8	C-6	P2	Y	34	375	2676	5579	779
7	13	52	8	C-3	P2	Y	33	363	2580	5675	875
7	16	52	8	A-6	P2	Y	32	351	2484	5771	971
7	4	53	9	A-6	P2	Y	36	399	2869	5386	586
7	7	53	9	A-3	P2	Y	35	387	2773	5482	682
7	10	53	8	C-6	P2	Y	34	375	2677	5578	778
7	13	53	8	C-3	P2	Y	33	363	2581	5674	874
7	16	53	8	A-6	P2	Y	32	351	2485	5770	970
7	4	54	9	A-6	P2	Y	36	399	2870	5385	585
7	7	54	9	A-3	P2	Y	35	387	2774	5481	681
7	10	54	8	C-6	P2	Y	34	375	2678	5577	777
7	13	54	8	C-3	P2	Y	33	363	2582	5673	873
7	16	54	8	A-6	P2	Y	32	351	2486	5769	969
7	4	55	9	A-6	P2	Y	36	399	2871	5384	584
7	7	55	9	A-3	P2	Y	35	387	2775	5480	680
7	10	55	8	C-6	P2	Y	34	375	2679	5576	776
7	13	55	8	C-3	P2	Y	33	363	2583	5672	872
7	16	55	8	A-6	P2	Y	32	351	2487	5768	968
7	4	56	9	A-6	P2	Y	36	399	2872	5383	583
7	7	56	9	A-3	P2	Y	35	387	2776	5479	679
7	10	56	8	C-6	P2	Y	34	375	2680	5575	775
7	13	56	8	C-3	P2	Y	33	363	2584	5671	871
7	16	56	8	A-6	P2	Y	32	351	2488	5767	967
7	4	57	9	A-6	P2	Y	36	399	2873	5382	582
7	7	57	9	A-3	P2	Y	35	387	2777	5478	678
7	10	57	8	C-6	P2	Y	34	375	2681	5574	774
7	13	57	8	C-3	P2	Y	33	363	2585	5670	870
7	16	57	8	A-6	P2	Y	32	351	2489	5766	966
7	4	58	9	A-6	P2	Y	36	399	2874	5381	581
7	7	58	9	A-3	P2	Y	35	387	2778	5477	677
7	10	58	8	C-6	P2	Y	34	375	2682	5573	773
7	13	58	8	C-3	P2	Y	33	363	2586	5669	869
7	16	58	8	A-6	P2	Y	32	351	2490	5765	965
7	4	59	9	A-6	P2	Y	36	399	2875	5380	580
7	7	59	9	A-3	P2	Y	35	387	2779	5476	676
7	10	59	8	C-6	P2	Y	34	375	2683	5572	772
7	13	59	8	C-3	P2	Y	33	363	2587	5668	868
7	16	59	8	A-6	P2	Y	32	351	2491	5764	964
7	4	60	9	A-6	P2	Y	36	399	2876	5379	579
7	7	60	9	A-3	P2	Y	35	387	2780	5475	675
7	10	60	8	C-6	P2	Y	34	375	2684	5571	771
7	13	60	8	C-3	P2	Y	33	363	2588	5667	867
7	16	60	8	A-6	P2	Y	32	351	2492	5763	963
7	4	61	9	A-6	P2	Y	36	399	2877	5378	578
7	7	61	9	A-3	P2	Y	35	387	2781	5474	674
7	10	61	8	C-6	P2	Y	34	375	2685	5570	770
7	13	61	8	C-3	P2	Y	33	363	2589	5666	866
7	16	61	8	A-6	P2	Y	32	351	2493	5762	962
7	4	62	9	A-6	P2	Y	36	399	2878	5377	577
7	7	62	9	A-3	P2	Y	35	387	2782	5473	673
7	10	62	8	C-6	P2	Y	34	375	2686	5569	769
7	13	62	8	C-3	P2	Y	33	363	2590	5665	865
7	16	62	8	A-6	P2	Y	32	351	2494	5761	961
7	4	63	9	A-6	P2	Y	36	399	2879	5376	576
7	7	63	9	A-3	P2	Y	35	387	2783	5472	672
7	10	63	8	C-6	P2	Y	34	375	2687	5568	768
7	13	63	8	C-3	P2	Y	33	363	2591	5664	864
7	16	63	8	A-6	P2	Y	32	351	2495	5760	960
7	4	16	9	B-6	P1	U	36	401	2104	295	295
7	7	16	9	B-3	P1	U	35	389	2056	343	343
7	10	16	8	D-6	P1	U	34	377	2008	391	391
7	13	16	8	D-3	P1	U	33	365	1960	439	439
7	16	16	8	B-6	P1	U	32	353	1912	487	487
7	4	17	9	B-6	P1	V	36	401	1432	3367	967
7	7	17	9	B-3	P1	V	35	389	1384	3415	1015
7	10	17	8	D-6	P1	V	34	377	1336	3463	1063
7	13	17	8	D-3	P1	V	33	365	1288	3511	1111
7	16	17	8	B-6	P1	V	32	353	1240	3559	1159
7	4	18	9	B-6	P1	U	36	401	2105	294	294
7	7	18	9	B-3	P1	U	35	389	2057	342	342
7	10	18	8	D-6	P1	U	34	377	2009	390	390
7	13	18	8	D-3	P1	U	33	365	1961	438	438
7	16	18	8	B-6	P1	U	32	353	1913	486	486
7	4	19	9	B-6	P1	V	36	401	1433	3366	966
7	7	19	9	B-3	P1	V	35	389	1385	3414	1014
7	10	19	8	D-6	P1	V	34	377	1337	3462	1062
7	13	19	8	D-3	P1	V	33	365	1289	3510	1110
7	16	19	8	B-6	P1	V	32	353	1241	3558	1158
7	4	20	9	B-6	P1	U	36	401	2106	293	293
7	7	20	9	B-3	P1	U	35	389	2058	341	341
7	10	20	8	D-6	P1	U	34	377	2010	389	389
7	13	20	8	D-3	P1	U	33	365	1962	437	437
7	16	20	8	B-6	P1	U	32	353	1914	485	485
7	4	21	9	B-6	P1	V	36	401	1434	3365	965
7	7	21	9	B-3	P1	V	35	389	1386	3413	1013
7	10	21	8	D-6	P1	V	34	377	1338	3461	1061
7	13	21	8	D-3	P1	V	33	365	1290	3509	1109
7	16	21	8	B-6	P1	V	32	353	1242	3557	1157
7	4	22	9	B-6	P1	U	36	401	2107	292	292
7	7	22	9	B-3	P1	U	35	389	2059	340	340
7	10	22	8	D-6	P1	U	34	377	2011	388	388
7	13	22	8	D-3	P1	U	33	365	1963	436	436
7	16	22	8	B-6	P1	U	32	353	1915	484	484
7	4	23	9	B-6	P1	V	36	401	1435	3364	964
7	7	23	9	B-3	P1	V	35	389	1387	3412	1012
7	10	23	8	D-6	P1	V	34	377	1339	3460	1060
7	13	23	8	D-3	P1	V	33	365	1291	3508	1108
7	16	23	8	B-6	P1	V	32	353	1243	3556	1156
7	4	24	9	B-6	P1	U	36	401	2108	291	291
7	7	24	9	B-3	P1	U	35	389	2060	339	339
7	10	24	8	D-6	P1	U	34	377	2012	387	387
7	13	24	8	D-3	P1	U	33	365	1964	435	435
7	16	24	8	B-6	P1	U	32	353	1916	483	483
7	4	25	9	B-6	P1	V	36	401	1436	3363	963
7	7	25	9	B-3	P1	V	35	389	1388	3411	1011
7	10	25	8	D-6	P1	V	34	377	1340	3459	1059
7	13	25	8	D-3	P1	V	33	365	1292	3507	1107
7	16	25	8	B-6	P1	V	32	353	1244	3555	1155
7	4	26	9	B-6	P1	U	36	401	2109	290	290
7	7	26	9	B-3	P1	U	35	389	2061	338	338
7	10	26	8	D-6	P1	U	34	377	2013	386	386
7	13	26	8	D-3	P1	U	33	365	1965	434	434
7	16	26	8	B-6	P1	U	32	353	1917	482	482
7	4	27	9	B-6	P1	V	36	401	1437	3362	962
7	7	27	9	B-3	P1	V	35	389	1389	3410	1010
7	10	27	8	D-6	P1	V	34	377	1341	3458	1058
7	13	27	8	D-3	P1	V	33	365	1293	3506	1106
7	16	27	8	B-6	P1	V	32	353	1245	3554	1154
7	4	28	9	B-6	P1	U	36	401	2110	289	289
7	7	28	9	B-3	P1	U	35	389	2062	337	337
7	10	28	8	D-6	P1	U	34	377	2014	385	385
7	13	28	8	D-3	P1	U	33	365	1966	433	433
7	16	28	8	B-6	P1	U	32	353	1918	481	481
7	4	29	9	B-6	P1	V	36	401	1438	3361	961
7	7	29	9	B-3	P1	V	35	389	1390	3409	1009
7	10	29	8	D-6	P1	V	34	377	1342	3457	1057
7	13	29	8	D-3	P1	V	33	365	1294	3505	1105
7	16	29	8	B-6	P1	V	32	353	1246	3553	1153
7	4	30	9	B-6	P1	U	36	401	2111	288	288
7	7	30	9	B-3	P1	U	35	389	2063	336	336
7	10	30	8	D-6	P1	U	34	377	2015	384	384
7	13	30	8	D-3	P1	U	33	365	1967	432	432
7	16	30	8	B-6	P1	U	32	353	1919	480	480
7	4	31	9	B-6	P1	V	36	401	1439	3360	960
7	7	31	9	B-3	P1	V	35	389	1391	3408	1008
7	10	31	8	D-6	P1	V	34	377	1343	3456	1056
7	13	31	8	D-3	P1	V	33	365	1295	3504	1104
7	16	31	8	B-6	P1	V	32	353	1247	3552	1152
7	4	0	9	B-6	P1	U	36	400	2096	303	303
7	7	0	9	B-3	P1	U	35	388	2048	351	351
7	10	0	8	D-6	P1	U	34	376	2000	399	399
7	13	0	8	D-3	P1	U	33	364	1952	447	447
7	16	0	8	B-6	P1	U	32	352	1904	495	495
7	4	1	9	B-6	P1	V	36	400	1424	3375	975
7	7	1	9	B-3	P1	V	35	388	1376	3423	1023
7	10	1	8	D-6	P1	V	34	376	1328	3471	1071
7	13	1	8	D-3	P1	V	33	364	1280	3519	1119
7	16	1	8	B-6	P1	V	32	352	1232	3567	1167
7	4	2	9	B-6	P1	U	36	400	2097	302	302
7	7	2	9	B-3	P1	U	35	388	2049	350	350
7	10	2	8	D-6	P1	U	34	376	2001	398	398
7	13	2	8	D-3	P1	U	33	364	1953	446	446
7	16	2	8	B-6	P1	U	32	352	1905	494	494
7	4	3	9	B-6	P1	V	36	400	1425	3374	974
7	7	3	9	B-3	P1	V	35	388	1377	3422	1022
7	10	3	8	D-6	P1	V	34	376	1329	3470	1070
7	13	3	8	D-3	P1	V	33	364	1281	3518	1118
7	16	3	8	B-6	P1	V	32	352	1233	3566	1166
7	4	4	9	B-6	P1	U	36	400	2098	301	301
7	7	4	9	B-3	P1	U	35	388	2050	349	349
7	10	4	8	D-6	P1	U	34	376	2002	397	397
7	13	4	8	D-3	P1	U	33	364	1954	445	445
7	16	4	8	B-6	P1	U	32	352	1906	493	493
7	4	5	9	B-6	P1	V	36	400	1426	3373	973
7	7	5	9	B-3	P1	V	35	388	1378	3421	1021
7	10	5	8	D-6	P1	V	34	376	1330	3469	1069
7	13	5	8	D-3	P1	V	33	364	1282	3517	1117
7	16	5	8	B-6	P1	V	32	352	1234	3565	1165
7	4	6	9	B-6	P1	U	36	400	2099	300	300
7	7	6	9	B-3	P1	U	35	388	2051	348	348
7	10	6	8	D-6	P1	U	34	376	2003	396	396
7	13	6	8	D-3	P1	U	33	364	1955	444	444
7	16	6	8	B-6	P1	U	32	352	1907	492	492
7	4	7	9	B-6	P1	V	36	400	1427	3372	972
7	7	7	9	B-3	P1	V	35	388	1379	3420	1020
7	10	7	8	D-6	P1	V	34	376	1331	3468	1068
7	13	7	8	D-3	P1	V	33	364	1283	3516	1116
7	16	7	8	B-6	P1	V	32	352	1235	3564	1164
7	4	8	9	B-6	P1	U	36	400	2100	299	299
7	7	8	9	B-3	P1	U	35	388	2052	347	347
7	10	8	8	D-6	P1	U	34	376	2004	395	395
7	13	8	8	D-3	P1	U	33	364	1956	443	443
7	16	8	8	B-6	P1	U	32	352	1908	491	491
7	4	9	9	B-6	P1	V	36	400	1428	3371	971
7	7	9	9	B-3	P1	V	35	388	1380	3419	1019
7	10	9	8	D-6	P1	V	34	376	1332	3467	1067
7	13	9	8	D-3	P1	V	33	364	1284	3515	1115
7	16	9	8	B-6	P1	V	32	352	1236	3563	1163
7	4	10	9	B-6	P1	U	36	400	2101	298	298
7	7	10	9	B-3	P1	U	35	388	2053	346	346
7	10	10	8	D-6	P1	U	34	376	2005	394	394
7	13	10	8	D-3	P1	U	33	364	1957	442	442
7	16	10	8	B-6	P1	U	32	352	1909	490	490
7	4	11	9	B-6	P1	V	36	400	1429	3370	970
7	7	11	9	B-3	P1	V	35	388	1381	3418	1018
7	10	11	8	D-6	P1	V	34	376	1333	3466	1066
7	13	11	8	D-3	P1	V	33	364	1285	3514	1114
7	16	11	8	B-6	P1	V	32	352	1237	3562	1162
7	4	12	9	B-6	P1	U	36	400	2102	297	297
7	7	12	9	B-3	P1	U	35	388	2054	345	345
7	10	12	8	D-6	P1	U	34	376	2006	393	393
7	13	12	8	D-3	P1	U	33	364	1958	441	441
7	16	12	8	B-6	P1	U	32	352	1910	489	489
7	4	13	9	B-6	P1	V	36	400	1430	3369	969
7	7	13	9	B-3	P1	V	35	388	1382	3417	1017
7	10	13	8	D-6	P1	V	34	376	1334	3465	1065
7	13	13	8	D-3	P1	V	33	364	1286	3513	1113
7	16	13	8	B-6	P1	V	32	352	1238	3561	1161
7	4	14	9	B-6	P1	U	36	400	2103	296	296
7	7	14	9	B-3	P1	U	35	388	2055	344	344
7	10	14	8	D-6	P1	U	34	376	2007	392	392
7	13	14	8	D-3	P1	U	33	364	1959	440	440
7	16	14	8	B-6	P1	U	32	352	1911	488	488
7	4	15	9	B-6	P1	V	36	400	1431	3368	968
7	7	15	9	B-3	P1	V	35	388	1383	3416	1016
7	10	15	8	D-6	P1	V	34	376	1335	3464	1064
7	13	15	8	D-3	P1	V	33	364	1287	3512	1112
7	16	15	8	B-6	P1	V	32	352	1239	3560	1160
