crate_id	slot	fem_channel	feedthru	faraday_cage_connector	adcreceiver_topbot	wireplane	mboard_id asic_id wirenum larsoft_channel larsoft_wirenum
3		6	32		4		A-4			P2			Y		16	  150	  864	  7391		  2591
3		9	32		4		A-1			P2			Y		15	  138	  768	  7487		  2687
3		12	32		3		C-4			P2			Y		14	  126	  672	  7583		  2783
3		15	32		3		C-1			P2			Y		13	  114	  576	  7679		  2879
3		18	32		3		A-4			P2			Y		12	  102	  480	  7775		  2975
3		6	33		4		A-4			P2			Y		16	  150	  865	  7390		  2590
3		9	33		4		A-1			P2			Y		15	  138	  769	  7486		  2686
3		12	33		3		C-4			P2			Y		14	  126	  673	  7582		  2782
3		15	33		3		C-1			P2			Y		13	  114	  577	  7678		  2878
3		18	33		3		A-4			P2			Y		12	  102	  481	  7774		  2974
3		6	34		4		A-4			P2			Y		16	  150	  866	  7389		  2589
3		9	34		4		A-1			P2			Y		15	  138	  770	  7485		  2685
3		12	34		3		C-4			P2			Y		14	  126	  674	  7581		  2781
3		15	34		3		C-1			P2			Y		13	  114	  578	  7677		  2877
3		18	34		3		A-4			P2			Y		12	  102	  482	  7773		  2973
3		6	35		4		A-4			P2			Y		16	  150	  867	  7388		  2588
3		9	35		4		A-1			P2			Y		15	  138	  771	  7484		  2684
3		12	35		3		C-4			P2			Y		14	  126	  675	  7580		  2780
3		15	35		3		C-1			P2			Y		13	  114	  579	  7676		  2876
3		18	35		3		A-4			P2			Y		12	  102	  483	  7772		  2972
3		6	36		4		A-4			P2			Y		16	  150	  868	  7387		  2587
3		9	36		4		A-1			P2			Y		15	  138	  772	  7483		  2683
3		12	36		3		C-4			P2			Y		14	  126	  676	  7579		  2779
3		15	36		3		C-1			P2			Y		13	  114	  580	  7675		  2875
3		18	36		3		A-4			P2			Y		12	  102	  484	  7771		  2971
3		6	37		4		A-4			P2			Y		16	  150	  869	  7386		  2586
3		9	37		4		A-1			P2			Y		15	  138	  773	  7482		  2682
3		12	37		3		C-4			P2			Y		14	  126	  677	  7578		  2778
3		15	37		3		C-1			P2			Y		13	  114	  581	  7674		  2874
3		18	37		3		A-4			P2			Y		12	  102	  485	  7770		  2970
3		6	38		4		A-4			P2			Y		16	  150	  870	  7385		  2585
3		9	38		4		A-1			P2			Y		15	  138	  774	  7481		  2681
3		12	38		3		C-4			P2			Y		14	  126	  678	  7577		  2777
3		15	38		3		C-1			P2			Y		13	  114	  582	  7673		  2873
3		18	38		3		A-4			P2			Y		12	  102	  486	  7769		  2969
3		6	39		4		A-4			P2			Y		16	  150	  871	  7384		  2584
3		9	39		4		A-1			P2			Y		15	  138	  775	  7480		  2680
3		12	39		3		C-4			P2			Y		14	  126	  679	  7576		  2776
3		15	39		3		C-1			P2			Y		13	  114	  583	  7672		  2872
3		18	39		3		A-4			P2			Y		12	  102	  487	  7768		  2968
3		6	40		4		A-4			P2			Y		16	  150	  872	  7383		  2583
3		9	40		4		A-1			P2			Y		15	  138	  776	  7479		  2679
3		12	40		3		C-4			P2			Y		14	  126	  680	  7575		  2775
3		15	40		3		C-1			P2			Y		13	  114	  584	  7671		  2871
3		18	40		3		A-4			P2			Y		12	  102	  488	  7767		  2967
3		6	41		4		A-4			P2			Y		16	  150	  873	  7382		  2582
3		9	41		4		A-1			P2			Y		15	  138	  777	  7478		  2678
3		12	41		3		C-4			P2			Y		14	  126	  681	  7574		  2774
3		15	41		3		C-1			P2			Y		13	  114	  585	  7670		  2870
3		18	41		3		A-4			P2			Y		12	  102	  489	  7766		  2966
3		6	42		4		A-4			P2			Y		16	  150	  874	  7381		  2581
3		9	42		4		A-1			P2			Y		15	  138	  778	  7477		  2677
3		12	42		3		C-4			P2			Y		14	  126	  682	  7573		  2773
3		15	42		3		C-1			P2			Y		13	  114	  586	  7669		  2869
3		18	42		3		A-4			P2			Y		12	  102	  490	  7765		  2965
3		6	43		4		A-4			P2			Y		16	  150	  875	  7380		  2580
3		9	43		4		A-1			P2			Y		15	  138	  779	  7476		  2676
3		12	43		3		C-4			P2			Y		14	  126	  683	  7572		  2772
3		15	43		3		C-1			P2			Y		13	  114	  587	  7668		  2868
3		18	43		3		A-4			P2			Y		12	  102	  491	  7764		  2964
3		6	44		4		A-4			P2			Y		16	  150	  876	  7379		  2579
3		9	44		4		A-1			P2			Y		15	  138	  780	  7475		  2675
3		12	44		3		C-4			P2			Y		14	  126	  684	  7571		  2771
3		15	44		3		C-1			P2			Y		13	  114	  588	  7667		  2867
3		18	44		3		A-4			P2			Y		12	  102	  492	  7763		  2963
3		6	45		4		A-4			P2			Y		16	  150	  877	  7378		  2578
3		9	45		4		A-1			P2			Y		15	  138	  781	  7474		  2674
3		12	45		3		C-4			P2			Y		14	  126	  685	  7570		  2770
3		15	45		3		C-1			P2			Y		13	  114	  589	  7666		  2866
3		18	45		3		A-4			P2			Y		12	  102	  493	  7762		  2962
3		6	46		4		A-4			P2			Y		16	  150	  878	  7377		  2577
3		9	46		4		A-1			P2			Y		15	  138	  782	  7473		  2673
3		12	46		3		C-4			P2			Y		14	  126	  686	  7569		  2769
3		15	46		3		C-1			P2			Y		13	  114	  590	  7665		  2865
3		18	46		3		A-4			P2			Y		12	  102	  494	  7761		  2961
3		6	47		4		A-4			P2			Y		16	  150	  879	  7376		  2576
3		9	47		4		A-1			P2			Y		15	  138	  783	  7472		  2672
3		12	47		3		C-4			P2			Y		14	  126	  687	  7568		  2768
3		15	47		3		C-1			P2			Y		13	  114	  591	  7664		  2864
3		18	47		3		A-4			P2			Y		12	  102	  495	  7760		  2960
3		6	48		4		A-4			P2			Y		16	  151	  880	  7375		  2575
3		9	48		4		A-1			P2			Y		15	  139	  784	  7471		  2671
3		12	48		3		C-4			P2			Y		14	  127	  688	  7567		  2767
3		15	48		3		C-1			P2			Y		13	  115	  592	  7663		  2863
3		18	48		3		A-4			P2			Y		12	  103	  496	  7759		  2959
3		6	49		4		A-4			P2			Y		16	  151	  881	  7374		  2574
3		9	49		4		A-1			P2			Y		15	  139	  785	  7470		  2670
3		12	49		3		C-4			P2			Y		14	  127	  689	  7566		  2766
3		15	49		3		C-1			P2			Y		13	  115	  593	  7662		  2862
3		18	49		3		A-4			P2			Y		12	  103	  497	  7758		  2958
3		6	50		4		A-4			P2			Y		16	  151	  882	  7373		  2573
3		9	50		4		A-1			P2			Y		15	  139	  786	  7469		  2669
3		12	50		3		C-4			P2			Y		14	  127	  690	  7565		  2765
3		15	50		3		C-1			P2			Y		13	  115	  594	  7661		  2861
3		18	50		3		A-4			P2			Y		12	  103	  498	  7757		  2957
3		6	51		4		A-4			P2			Y		16	  151	  883	  7372		  2572
3		9	51		4		A-1			P2			Y		15	  139	  787	  7468		  2668
3		12	51		3		C-4			P2			Y		14	  127	  691	  7564		  2764
3		15	51		3		C-1			P2			Y		13	  115	  595	  7660		  2860
3		18	51		3		A-4			P2			Y		12	  103	  499	  7756		  2956
3		6	52		4		A-4			P2			Y		16	  151	  884	  7371		  2571
3		9	52		4		A-1			P2			Y		15	  139	  788	  7467		  2667
3		12	52		3		C-4			P2			Y		14	  127	  692	  7563		  2763
3		15	52		3		C-1			P2			Y		13	  115	  596	  7659		  2859
3		18	52		3		A-4			P2			Y		12	  103	  500	  7755		  2955
3		6	53		4		A-4			P2			Y		16	  151	  885	  7370		  2570
3		9	53		4		A-1			P2			Y		15	  139	  789	  7466		  2666
3		12	53		3		C-4			P2			Y		14	  127	  693	  7562		  2762
3		15	53		3		C-1			P2			Y		13	  115	  597	  7658		  2858
3		18	53		3		A-4			P2			Y		12	  103	  501	  7754		  2954
3		6	54		4		A-4			P2			Y		16	  151	  886	  7369		  2569
3		9	54		4		A-1			P2			Y		15	  139	  790	  7465		  2665
3		12	54		3		C-4			P2			Y		14	  127	  694	  7561		  2761
3		15	54		3		C-1			P2			Y		13	  115	  598	  7657		  2857
3		18	54		3		A-4			P2			Y		12	  103	  502	  7753		  2953
3		6	55		4		A-4			P2			Y		16	  151	  887	  7368		  2568
3		9	55		4		A-1			P2			Y		15	  139	  791	  7464		  2664
3		12	55		3		C-4			P2			Y		14	  127	  695	  7560		  2760
3		15	55		3		C-1			P2			Y		13	  115	  599	  7656		  2856
3		18	55		3		A-4			P2			Y		12	  103	  503	  7752		  2952
3		6	56		4		A-4			P2			Y		16	  151	  888	  7367		  2567
3		9	56		4		A-1			P2			Y		15	  139	  792	  7463		  2663
3		12	56		3		C-4			P2			Y		14	  127	  696	  7559		  2759
3		15	56		3		C-1			P2			Y		13	  115	  600	  7655		  2855
3		18	56		3		A-4			P2			Y		12	  103	  504	  7751		  2951
3		6	57		4		A-4			P2			Y		16	  151	  889	  7366		  2566
3		9	57		4		A-1			P2			Y		15	  139	  793	  7462		  2662
3		12	57		3		C-4			P2			Y		14	  127	  697	  7558		  2758
3		15	57		3		C-1			P2			Y		13	  115	  601	  7654		  2854
3		18	57		3		A-4			P2			Y		12	  103	  505	  7750		  2950
3		6	58		4		A-4			P2			Y		16	  151	  890	  7365		  2565
3		9	58		4		A-1			P2			Y		15	  139	  794	  7461		  2661
3		12	58		3		C-4			P2			Y		14	  127	  698	  7557		  2757
3		15	58		3		C-1			P2			Y		13	  115	  602	  7653		  2853
3		18	58		3		A-4			P2			Y		12	  103	  506	  7749		  2949
3		6	59		4		A-4			P2			Y		16	  151	  891	  7364		  2564
3		9	59		4		A-1			P2			Y		15	  139	  795	  7460		  2660
3		12	59		3		C-4			P2			Y		14	  127	  699	  7556		  2756
3		15	59		3		C-1			P2			Y		13	  115	  603	  7652		  2852
3		18	59		3		A-4			P2			Y		12	  103	  507	  7748		  2948
3		6	60		4		A-4			P2			Y		16	  151	  892	  7363		  2563
3		9	60		4		A-1			P2			Y		15	  139	  796	  7459		  2659
3		12	60		3		C-4			P2			Y		14	  127	  700	  7555		  2755
3		15	60		3		C-1			P2			Y		13	  115	  604	  7651		  2851
3		18	60		3		A-4			P2			Y		12	  103	  508	  7747		  2947
3		6	61		4		A-4			P2			Y		16	  151	  893	  7362		  2562
3		9	61		4		A-1			P2			Y		15	  139	  797	  7458		  2658
3		12	61		3		C-4			P2			Y		14	  127	  701	  7554		  2754
3		15	61		3		C-1			P2			Y		13	  115	  605	  7650		  2850
3		18	61		3		A-4			P2			Y		12	  103	  509	  7746		  2946
3		6	62		4		A-4			P2			Y		16	  151	  894	  7361		  2561
3		9	62		4		A-1			P2			Y		15	  139	  798	  7457		  2657
3		12	62		3		C-4			P2			Y		14	  127	  702	  7553		  2753
3		15	62		3		C-1			P2			Y		13	  115	  606	  7649		  2849
3		18	62		3		A-4			P2			Y		12	  103	  510	  7745		  2945
3		6	63		4		A-4			P2			Y		16	  151	  895	  7360		  2560
3		9	63		4		A-1			P2			Y		15	  139	  799	  7456		  2656
3		12	63		3		C-4			P2			Y		14	  127	  703	  7552		  2752
3		15	63		3		C-1			P2			Y		13	  115	  607	  7648		  2848
3		18	63		3		A-4			P2			Y		12	  103	  511	  7744		  2944
3		6	16		4		B-4			P1			U		16	  153	  1112	  1287		  1287
3		9	16		4		B-1			P1			U		15	  141	  1064	  1335		  1335
3		12	16		3		D-4			P1			U		14	  129	  1016	  1383		  1383
3		15	16		3		D-1			P1			U		13	  117	  968	  1431		  1431
3		18	16		3		B-4			P1			U		12	  105	  920	  1479		  1479
3		6	17		4		B-4			P1			V		16	  153	  440	  4359		  1959
3		9	17		4		B-1			P1			V		15	  141	  392	  4407		  2007
3		12	17		3		D-4			P1			V		14	  129	  344	  4455		  2055
3		15	17		3		D-1			P1			V		13	  117	  296	  4503		  2103
3		18	17		3		B-4			P1			V		12	  105	  248	  4551		  2151
3		6	18		4		B-4			P1			U		16	  153	  1113	  1286		  1286
3		9	18		4		B-1			P1			U		15	  141	  1065	  1334		  1334
3		12	18		3		D-4			P1			U		14	  129	  1017	  1382		  1382
3		15	18		3		D-1			P1			U		13	  117	  969	  1430		  1430
3		18	18		3		B-4			P1			U		12	  105	  921	  1478		  1478
3		6	19		4		B-4			P1			V		16	  153	  441	  4358		  1958
3		9	19		4		B-1			P1			V		15	  141	  393	  4406		  2006
3		12	19		3		D-4			P1			V		14	  129	  345	  4454		  2054
3		15	19		3		D-1			P1			V		13	  117	  297	  4502		  2102
3		18	19		3		B-4			P1			V		12	  105	  249	  4550		  2150
3		6	20		4		B-4			P1			U		16	  153	  1114	  1285		  1285
3		9	20		4		B-1			P1			U		15	  141	  1066	  1333		  1333
3		12	20		3		D-4			P1			U		14	  129	  1018	  1381		  1381
3		15	20		3		D-1			P1			U		13	  117	  970	  1429		  1429
3		18	20		3		B-4			P1			U		12	  105	  922	  1477		  1477
3		6	21		4		B-4			P1			V		16	  153	  442	  4357		  1957
3		9	21		4		B-1			P1			V		15	  141	  394	  4405		  2005
3		12	21		3		D-4			P1			V		14	  129	  346	  4453		  2053
3		15	21		3		D-1			P1			V		13	  117	  298	  4501		  2101
3		18	21		3		B-4			P1			V		12	  105	  250	  4549		  2149
3		6	22		4		B-4			P1			U		16	  153	  1115	  1284		  1284
3		9	22		4		B-1			P1			U		15	  141	  1067	  1332		  1332
3		12	22		3		D-4			P1			U		14	  129	  1019	  1380		  1380
3		15	22		3		D-1			P1			U		13	  117	  971	  1428		  1428
3		18	22		3		B-4			P1			U		12	  105	  923	  1476		  1476
3		6	23		4		B-4			P1			V		16	  153	  443	  4356		  1956
3		9	23		4		B-1			P1			V		15	  141	  395	  4404		  2004
3		12	23		3		D-4			P1			V		14	  129	  347	  4452		  2052
3		15	23		3		D-1			P1			V		13	  117	  299	  4500		  2100
3		18	23		3		B-4			P1			V		12	  105	  251	  4548		  2148
3		6	24		4		B-4			P1			U		16	  153	  1116	  1283		  1283
3		9	24		4		B-1			P1			U		15	  141	  1068	  1331		  1331
3		12	24		3		D-4			P1			U		14	  129	  1020	  1379		  1379
3		15	24		3		D-1			P1			U		13	  117	  972	  1427		  1427
3		18	24		3		B-4			P1			U		12	  105	  924	  1475		  1475
3		6	25		4		B-4			P1			V		16	  153	  444	  4355		  1955
3		9	25		4		B-1			P1			V		15	  141	  396	  4403		  2003
3		12	25		3		D-4			P1			V		14	  129	  348	  4451		  2051
3		15	25		3		D-1			P1			V		13	  117	  300	  4499		  2099
3		18	25		3		B-4			P1			V		12	  105	  252	  4547		  2147
3		6	26		4		B-4			P1			U		16	  153	  1117	  1282		  1282
3		9	26		4		B-1			P1			U		15	  141	  1069	  1330		  1330
3		12	26		3		D-4			P1			U		14	  129	  1021	  1378		  1378
3		15	26		3		D-1			P1			U		13	  117	  973	  1426		  1426
3		18	26		3		B-4			P1			U		12	  105	  925	  1474		  1474
3		6	27		4		B-4			P1			V		16	  153	  445	  4354		  1954
3		9	27		4		B-1			P1			V		15	  141	  397	  4402		  2002
3		12	27		3		D-4			P1			V		14	  129	  349	  4450		  2050
3		15	27		3		D-1			P1			V		13	  117	  301	  4498		  2098
3		18	27		3		B-4			P1			V		12	  105	  253	  4546		  2146
3		6	28		4		B-4			P1			U		16	  153	  1118	  1281		  1281
3		9	28		4		B-1			P1			U		15	  141	  1070	  1329		  1329
3		12	28		3		D-4			P1			U		14	  129	  1022	  1377		  1377
3		15	28		3		D-1			P1			U		13	  117	  974	  1425		  1425
3		18	28		3		B-4			P1			U		12	  105	  926	  1473		  1473
3		6	29		4		B-4			P1			V		16	  153	  446	  4353		  1953
3		9	29		4		B-1			P1			V		15	  141	  398	  4401		  2001
3		12	29		3		D-4			P1			V		14	  129	  350	  4449		  2049
3		15	29		3		D-1			P1			V		13	  117	  302	  4497		  2097
3		18	29		3		B-4			P1			V		12	  105	  254	  4545		  2145
3		6	30		4		B-4			P1			U		16	  153	  1119	  1280		  1280
3		9	30		4		B-1			P1			U		15	  141	  1071	  1328		  1328
3		12	30		3		D-4			P1			U		14	  129	  1023	  1376		  1376
3		15	30		3		D-1			P1			U		13	  117	  975	  1424		  1424
3		18	30		3		B-4			P1			U		12	  105	  927	  1472		  1472
3		6	31		4		B-4			P1			V		16	  153	  447	  4352		  1952
3		9	31		4		B-1			P1			V		15	  141	  399	  4400		  2000
3		12	31		3		D-4			P1			V		14	  129	  351	  4448		  2048
3		15	31		3		D-1			P1			V		13	  117	  303	  4496		  2096
3		18	31		3		B-4			P1			V		12	  105	  255	  4544		  2144
3		6	0		4		B-4			P1			U		16	  152	  1104	  1295		  1295
3		9	0		4		B-1			P1			U		15	  140	  1056	  1343		  1343
3		12	0		3		D-4			P1			U		14	  128	  1008	  1391		  1391
3		15	0		3		D-1			P1			U		13	  116	  960	  1439		  1439
3		18	0		3		B-4			P1			U		12	  104	  912	  1487		  1487
3		6	1		4		B-4			P1			V		16	  152	  432	  4367		  1967
3		9	1		4		B-1			P1			V		15	  140	  384	  4415		  2015
3		12	1		3		D-4			P1			V		14	  128	  336	  4463		  2063
3		15	1		3		D-1			P1			V		13	  116	  288	  4511		  2111
3		18	1		3		B-4			P1			V		12	  104	  240	  4559		  2159
3		6	2		4		B-4			P1			U		16	  152	  1105	  1294		  1294
3		9	2		4		B-1			P1			U		15	  140	  1057	  1342		  1342
3		12	2		3		D-4			P1			U		14	  128	  1009	  1390		  1390
3		15	2		3		D-1			P1			U		13	  116	  961	  1438		  1438
3		18	2		3		B-4			P1			U		12	  104	  913	  1486		  1486
3		6	3		4		B-4			P1			V		16	  152	  433	  4366		  1966
3		9	3		4		B-1			P1			V		15	  140	  385	  4414		  2014
3		12	3		3		D-4			P1			V		14	  128	  337	  4462		  2062
3		15	3		3		D-1			P1			V		13	  116	  289	  4510		  2110
3		18	3		3		B-4			P1			V		12	  104	  241	  4558		  2158
3		6	4		4		B-4			P1			U		16	  152	  1106	  1293		  1293
3		9	4		4		B-1			P1			U		15	  140	  1058	  1341		  1341
3		12	4		3		D-4			P1			U		14	  128	  1010	  1389		  1389
3		15	4		3		D-1			P1			U		13	  116	  962	  1437		  1437
3		18	4		3		B-4			P1			U		12	  104	  914	  1485		  1485
3		6	5		4		B-4			P1			V		16	  152	  434	  4365		  1965
3		9	5		4		B-1			P1			V		15	  140	  386	  4413		  2013
3		12	5		3		D-4			P1			V		14	  128	  338	  4461		  2061
3		15	5		3		D-1			P1			V		13	  116	  290	  4509		  2109
3		18	5		3		B-4			P1			V		12	  104	  242	  4557		  2157
3		6	6		4		B-4			P1			U		16	  152	  1107	  1292		  1292
3		9	6		4		B-1			P1			U		15	  140	  1059	  1340		  1340
3		12	6		3		D-4			P1			U		14	  128	  1011	  1388		  1388
3		15	6		3		D-1			P1			U		13	  116	  963	  1436		  1436
3		18	6		3		B-4			P1			U		12	  104	  915	  1484		  1484
3		6	7		4		B-4			P1			V		16	  152	  435	  4364		  1964
3		9	7		4		B-1			P1			V		15	  140	  387	  4412		  2012
3		12	7		3		D-4			P1			V		14	  128	  339	  4460		  2060
3		15	7		3		D-1			P1			V		13	  116	  291	  4508		  2108
3		18	7		3		B-4			P1			V		12	  104	  243	  4556		  2156
3		6	8		4		B-4			P1			U		16	  152	  1108	  1291		  1291
3		9	8		4		B-1			P1			U		15	  140	  1060	  1339		  1339
3		12	8		3		D-4			P1			U		14	  128	  1012	  1387		  1387
3		15	8		3		D-1			P1			U		13	  116	  964	  1435		  1435
3		18	8		3		B-4			P1			U		12	  104	  916	  1483		  1483
3		6	9		4		B-4			P1			V		16	  152	  436	  4363		  1963
3		9	9		4		B-1			P1			V		15	  140	  388	  4411		  2011
3		12	9		3		D-4			P1			V		14	  128	  340	  4459		  2059
3		15	9		3		D-1			P1			V		13	  116	  292	  4507		  2107
3		18	9		3		B-4			P1			V		12	  104	  244	  4555		  2155
3		6	10		4		B-4			P1			U		16	  152	  1109	  1290		  1290
3		9	10		4		B-1			P1			U		15	  140	  1061	  1338		  1338
3		12	10		3		D-4			P1			U		14	  128	  1013	  1386		  1386
3		15	10		3		D-1			P1			U		13	  116	  965	  1434		  1434
3		18	10		3		B-4			P1			U		12	  104	  917	  1482		  1482
3		6	11		4		B-4			P1			V		16	  152	  437	  4362		  1962
3		9	11		4		B-1			P1			V		15	  140	  389	  4410		  2010
3		12	11		3		D-4			P1			V		14	  128	  341	  4458		  2058
3		15	11		3		D-1			P1			V		13	  116	  293	  4506		  2106
3		18	11		3		B-4			P1			V		12	  104	  245	  4554		  2154
3		6	12		4		B-4			P1			U		16	  152	  1110	  1289		  1289
3		9	12		4		B-1			P1			U		15	  140	  1062	  1337		  1337
3		12	12		3		D-4			P1			U		14	  128	  1014	  1385		  1385
3		15	12		3		D-1			P1			U		13	  116	  966	  1433		  1433
3		18	12		3		B-4			P1			U		12	  104	  918	  1481		  1481
3		6	13		4		B-4			P1			V		16	  152	  438	  4361		  1961
3		9	13		4		B-1			P1			V		15	  140	  390	  4409		  2009
3		12	13		3		D-4			P1			V		14	  128	  342	  4457		  2057
3		15	13		3		D-1			P1			V		13	  116	  294	  4505		  2105
3		18	13		3		B-4			P1			V		12	  104	  246	  4553		  2153
3		6	14		4		B-4			P1			U		16	  152	  1111	  1288		  1288
3		9	14		4		B-1			P1			U		15	  140	  1063	  1336		  1336
3		12	14		3		D-4			P1			U		14	  128	  1015	  1384		  1384
3		15	14		3		D-1			P1			U		13	  116	  967	  1432		  1432
3		18	14		3		B-4			P1			U		12	  104	  919	  1480		  1480
3		6	15		4		B-4			P1			V		16	  152	  439	  4360		  1960
3		9	15		4		B-1			P1			V		15	  140	  391	  4408		  2008
3		12	15		3		D-4			P1			V		14	  128	  343	  4456		  2056
3		15	15		3		D-1			P1			V		13	  116	  295	  4504		  2104
3		18	15		3		B-4			P1			V		12	  104	  247	  4552		  2152
3		5	32		4		A-5			P2			Y		16	  154	  896	  7359		  2559
3		8	32		4		A-2			P2			Y		15	  142	  800	  7455		  2655
3		11	32		3		C-5			P2			Y		14	  130	  704	  7551		  2751
3		14	32		3		C-2			P2			Y		13	  118	  608	  7647		  2847
3		17	32		3		A-5			P2			Y		12	  106	  512	  7743		  2943
3		5	33		4		A-5			P2			Y		16	  154	  897	  7358		  2558
3		8	33		4		A-2			P2			Y		15	  142	  801	  7454		  2654
3		11	33		3		C-5			P2			Y		14	  130	  705	  7550		  2750
3		14	33		3		C-2			P2			Y		13	  118	  609	  7646		  2846
3		17	33		3		A-5			P2			Y		12	  106	  513	  7742		  2942
3		5	34		4		A-5			P2			Y		16	  154	  898	  7357		  2557
3		8	34		4		A-2			P2			Y		15	  142	  802	  7453		  2653
3		11	34		3		C-5			P2			Y		14	  130	  706	  7549		  2749
3		14	34		3		C-2			P2			Y		13	  118	  610	  7645		  2845
3		17	34		3		A-5			P2			Y		12	  106	  514	  7741		  2941
3		5	35		4		A-5			P2			Y		16	  154	  899	  7356		  2556
3		8	35		4		A-2			P2			Y		15	  142	  803	  7452		  2652
3		11	35		3		C-5			P2			Y		14	  130	  707	  7548		  2748
3		14	35		3		C-2			P2			Y		13	  118	  611	  7644		  2844
3		17	35		3		A-5			P2			Y		12	  106	  515	  7740		  2940
3		5	36		4		A-5			P2			Y		16	  154	  900	  7355		  2555
3		8	36		4		A-2			P2			Y		15	  142	  804	  7451		  2651
3		11	36		3		C-5			P2			Y		14	  130	  708	  7547		  2747
3		14	36		3		C-2			P2			Y		13	  118	  612	  7643		  2843
3		17	36		3		A-5			P2			Y		12	  106	  516	  7739		  2939
3		5	37		4		A-5			P2			Y		16	  154	  901	  7354		  2554
3		8	37		4		A-2			P2			Y		15	  142	  805	  7450		  2650
3		11	37		3		C-5			P2			Y		14	  130	  709	  7546		  2746
3		14	37		3		C-2			P2			Y		13	  118	  613	  7642		  2842
3		17	37		3		A-5			P2			Y		12	  106	  517	  7738		  2938
3		5	38		4		A-5			P2			Y		16	  154	  902	  7353		  2553
3		8	38		4		A-2			P2			Y		15	  142	  806	  7449		  2649
3		11	38		3		C-5			P2			Y		14	  130	  710	  7545		  2745
3		14	38		3		C-2			P2			Y		13	  118	  614	  7641		  2841
3		17	38		3		A-5			P2			Y		12	  106	  518	  7737		  2937
3		5	39		4		A-5			P2			Y		16	  154	  903	  7352		  2552
3		8	39		4		A-2			P2			Y		15	  142	  807	  7448		  2648
3		11	39		3		C-5			P2			Y		14	  130	  711	  7544		  2744
3		14	39		3		C-2			P2			Y		13	  118	  615	  7640		  2840
3		17	39		3		A-5			P2			Y		12	  106	  519	  7736		  2936
3		5	40		4		A-5			P2			Y		16	  154	  904	  7351		  2551
3		8	40		4		A-2			P2			Y		15	  142	  808	  7447		  2647
3		11	40		3		C-5			P2			Y		14	  130	  712	  7543		  2743
3		14	40		3		C-2			P2			Y		13	  118	  616	  7639		  2839
3		17	40		3		A-5			P2			Y		12	  106	  520	  7735		  2935
3		5	41		4		A-5			P2			Y		16	  154	  905	  7350		  2550
3		8	41		4		A-2			P2			Y		15	  142	  809	  7446		  2646
3		11	41		3		C-5			P2			Y		14	  130	  713	  7542		  2742
3		14	41		3		C-2			P2			Y		13	  118	  617	  7638		  2838
3		17	41		3		A-5			P2			Y		12	  106	  521	  7734		  2934
3		5	42		4		A-5			P2			Y		16	  154	  906	  7349		  2549
3		8	42		4		A-2			P2			Y		15	  142	  810	  7445		  2645
3		11	42		3		C-5			P2			Y		14	  130	  714	  7541		  2741
3		14	42		3		C-2			P2			Y		13	  118	  618	  7637		  2837
3		17	42		3		A-5			P2			Y		12	  106	  522	  7733		  2933
3		5	43		4		A-5			P2			Y		16	  154	  907	  7348		  2548
3		8	43		4		A-2			P2			Y		15	  142	  811	  7444		  2644
3		11	43		3		C-5			P2			Y		14	  130	  715	  7540		  2740
3		14	43		3		C-2			P2			Y		13	  118	  619	  7636		  2836
3		17	43		3		A-5			P2			Y		12	  106	  523	  7732		  2932
3		5	44		4		A-5			P2			Y		16	  154	  908	  7347		  2547
3		8	44		4		A-2			P2			Y		15	  142	  812	  7443		  2643
3		11	44		3		C-5			P2			Y		14	  130	  716	  7539		  2739
3		14	44		3		C-2			P2			Y		13	  118	  620	  7635		  2835
3		17	44		3		A-5			P2			Y		12	  106	  524	  7731		  2931
3		5	45		4		A-5			P2			Y		16	  154	  909	  7346		  2546
3		8	45		4		A-2			P2			Y		15	  142	  813	  7442		  2642
3		11	45		3		C-5			P2			Y		14	  130	  717	  7538		  2738
3		14	45		3		C-2			P2			Y		13	  118	  621	  7634		  2834
3		17	45		3		A-5			P2			Y		12	  106	  525	  7730		  2930
3		5	46		4		A-5			P2			Y		16	  154	  910	  7345		  2545
3		8	46		4		A-2			P2			Y		15	  142	  814	  7441		  2641
3		11	46		3		C-5			P2			Y		14	  130	  718	  7537		  2737
3		14	46		3		C-2			P2			Y		13	  118	  622	  7633		  2833
3		17	46		3		A-5			P2			Y		12	  106	  526	  7729		  2929
3		5	47		4		A-5			P2			Y		16	  154	  911	  7344		  2544
3		8	47		4		A-2			P2			Y		15	  142	  815	  7440		  2640
3		11	47		3		C-5			P2			Y		14	  130	  719	  7536		  2736
3		14	47		3		C-2			P2			Y		13	  118	  623	  7632		  2832
3		17	47		3		A-5			P2			Y		12	  106	  527	  7728		  2928
3		5	48		4		A-5			P2			Y		16	  155	  912	  7343		  2543
3		8	48		4		A-2			P2			Y		15	  143	  816	  7439		  2639
3		11	48		3		C-5			P2			Y		14	  131	  720	  7535		  2735
3		14	48		3		C-2			P2			Y		13	  119	  624	  7631		  2831
3		17	48		3		A-5			P2			Y		12	  107	  528	  7727		  2927
3		5	49		4		A-5			P2			Y		16	  155	  913	  7342		  2542
3		8	49		4		A-2			P2			Y		15	  143	  817	  7438		  2638
3		11	49		3		C-5			P2			Y		14	  131	  721	  7534		  2734
3		14	49		3		C-2			P2			Y		13	  119	  625	  7630		  2830
3		17	49		3		A-5			P2			Y		12	  107	  529	  7726		  2926
3		5	50		4		A-5			P2			Y		16	  155	  914	  7341		  2541
3		8	50		4		A-2			P2			Y		15	  143	  818	  7437		  2637
3		11	50		3		C-5			P2			Y		14	  131	  722	  7533		  2733
3		14	50		3		C-2			P2			Y		13	  119	  626	  7629		  2829
3		17	50		3		A-5			P2			Y		12	  107	  530	  7725		  2925
3		5	51		4		A-5			P2			Y		16	  155	  915	  7340		  2540
3		8	51		4		A-2			P2			Y		15	  143	  819	  7436		  2636
3		11	51		3		C-5			P2			Y		14	  131	  723	  7532		  2732
3		14	51		3		C-2			P2			Y		13	  119	  627	  7628		  2828
3		17	51		3		A-5			P2			Y		12	  107	  531	  7724		  2924
3		5	52		4		A-5			P2			Y		16	  155	  916	  7339		  2539
3		8	52		4		A-2			P2			Y		15	  143	  820	  7435		  2635
3		11	52		3		C-5			P2			Y		14	  131	  724	  7531		  2731
3		14	52		3		C-2			P2			Y		13	  119	  628	  7627		  2827
3		17	52		3		A-5			P2			Y		12	  107	  532	  7723		  2923
3		5	53		4		A-5			P2			Y		16	  155	  917	  7338		  2538
3		8	53		4		A-2			P2			Y		15	  143	  821	  7434		  2634
3		11	53		3		C-5			P2			Y		14	  131	  725	  7530		  2730
3		14	53		3		C-2			P2			Y		13	  119	  629	  7626		  2826
3		17	53		3		A-5			P2			Y		12	  107	  533	  7722		  2922
3		5	54		4		A-5			P2			Y		16	  155	  918	  7337		  2537
3		8	54		4		A-2			P2			Y		15	  143	  822	  7433		  2633
3		11	54		3		C-5			P2			Y		14	  131	  726	  7529		  2729
3		14	54		3		C-2			P2			Y		13	  119	  630	  7625		  2825
3		17	54		3		A-5			P2			Y		12	  107	  534	  7721		  2921
3		5	55		4		A-5			P2			Y		16	  155	  919	  7336		  2536
3		8	55		4		A-2			P2			Y		15	  143	  823	  7432		  2632
3		11	55		3		C-5			P2			Y		14	  131	  727	  7528		  2728
3		14	55		3		C-2			P2			Y		13	  119	  631	  7624		  2824
3		17	55		3		A-5			P2			Y		12	  107	  535	  7720		  2920
3		5	56		4		A-5			P2			Y		16	  155	  920	  7335		  2535
3		8	56		4		A-2			P2			Y		15	  143	  824	  7431		  2631
3		11	56		3		C-5			P2			Y		14	  131	  728	  7527		  2727
3		14	56		3		C-2			P2			Y		13	  119	  632	  7623		  2823
3		17	56		3		A-5			P2			Y		12	  107	  536	  7719		  2919
3		5	57		4		A-5			P2			Y		16	  155	  921	  7334		  2534
3		8	57		4		A-2			P2			Y		15	  143	  825	  7430		  2630
3		11	57		3		C-5			P2			Y		14	  131	  729	  7526		  2726
3		14	57		3		C-2			P2			Y		13	  119	  633	  7622		  2822
3		17	57		3		A-5			P2			Y		12	  107	  537	  7718		  2918
3		5	58		4		A-5			P2			Y		16	  155	  922	  7333		  2533
3		8	58		4		A-2			P2			Y		15	  143	  826	  7429		  2629
3		11	58		3		C-5			P2			Y		14	  131	  730	  7525		  2725
3		14	58		3		C-2			P2			Y		13	  119	  634	  7621		  2821
3		17	58		3		A-5			P2			Y		12	  107	  538	  7717		  2917
3		5	59		4		A-5			P2			Y		16	  155	  923	  7332		  2532
3		8	59		4		A-2			P2			Y		15	  143	  827	  7428		  2628
3		11	59		3		C-5			P2			Y		14	  131	  731	  7524		  2724
3		14	59		3		C-2			P2			Y		13	  119	  635	  7620		  2820
3		17	59		3		A-5			P2			Y		12	  107	  539	  7716		  2916
3		5	60		4		A-5			P2			Y		16	  155	  924	  7331		  2531
3		8	60		4		A-2			P2			Y		15	  143	  828	  7427		  2627
3		11	60		3		C-5			P2			Y		14	  131	  732	  7523		  2723
3		14	60		3		C-2			P2			Y		13	  119	  636	  7619		  2819
3		17	60		3		A-5			P2			Y		12	  107	  540	  7715		  2915
3		5	61		4		A-5			P2			Y		16	  155	  925	  7330		  2530
3		8	61		4		A-2			P2			Y		15	  143	  829	  7426		  2626
3		11	61		3		C-5			P2			Y		14	  131	  733	  7522		  2722
3		14	61		3		C-2			P2			Y		13	  119	  637	  7618		  2818
3		17	61		3		A-5			P2			Y		12	  107	  541	  7714		  2914
3		5	62		4		A-5			P2			Y		16	  155	  926	  7329		  2529
3		8	62		4		A-2			P2			Y		15	  143	  830	  7425		  2625
3		11	62		3		C-5			P2			Y		14	  131	  734	  7521		  2721
3		14	62		3		C-2			P2			Y		13	  119	  638	  7617		  2817
3		17	62		3		A-5			P2			Y		12	  107	  542	  7713		  2913
3		5	63		4		A-5			P2			Y		16	  155	  927	  7328		  2528
3		8	63		4		A-2			P2			Y		15	  143	  831	  7424		  2624
3		11	63		3		C-5			P2			Y		14	  131	  735	  7520		  2720
3		14	63		3		C-2			P2			Y		13	  119	  639	  7616		  2816
3		17	63		3		A-5			P2			Y		12	  107	  543	  7712		  2912
3		5	16		4		B-5			P1			U		16	  157	  1128	  1271		  1271
3		8	16		4		B-2			P1			U		15	  145	  1080	  1319		  1319
3		11	16		3		D-5			P1			U		14	  133	  1032	  1367		  1367
3		14	16		3		D-2			P1			U		13	  121	  984	  1415		  1415
3		17	16		3		B-5			P1			U		12	  109	  936	  1463		  1463
3		5	17		4		B-5			P1			V		16	  157	  456	  4343		  1943
3		8	17		4		B-2			P1			V		15	  145	  408	  4391		  1991
3		11	17		3		D-5			P1			V		14	  133	  360	  4439		  2039
3		14	17		3		D-2			P1			V		13	  121	  312	  4487		  2087
3		17	17		3		B-5			P1			V		12	  109	  264	  4535		  2135
3		5	18		4		B-5			P1			U		16	  157	  1129	  1270		  1270
3		8	18		4		B-2			P1			U		15	  145	  1081	  1318		  1318
3		11	18		3		D-5			P1			U		14	  133	  1033	  1366		  1366
3		14	18		3		D-2			P1			U		13	  121	  985	  1414		  1414
3		17	18		3		B-5			P1			U		12	  109	  937	  1462		  1462
3		5	19		4		B-5			P1			V		16	  157	  457	  4342		  1942
3		8	19		4		B-2			P1			V		15	  145	  409	  4390		  1990
3		11	19		3		D-5			P1			V		14	  133	  361	  4438		  2038
3		14	19		3		D-2			P1			V		13	  121	  313	  4486		  2086
3		17	19		3		B-5			P1			V		12	  109	  265	  4534		  2134
3		5	20		4		B-5			P1			U		16	  157	  1130	  1269		  1269
3		8	20		4		B-2			P1			U		15	  145	  1082	  1317		  1317
3		11	20		3		D-5			P1			U		14	  133	  1034	  1365		  1365
3		14	20		3		D-2			P1			U		13	  121	  986	  1413		  1413
3		17	20		3		B-5			P1			U		12	  109	  938	  1461		  1461
3		5	21		4		B-5			P1			V		16	  157	  458	  4341		  1941
3		8	21		4		B-2			P1			V		15	  145	  410	  4389		  1989
3		11	21		3		D-5			P1			V		14	  133	  362	  4437		  2037
3		14	21		3		D-2			P1			V		13	  121	  314	  4485		  2085
3		17	21		3		B-5			P1			V		12	  109	  266	  4533		  2133
3		5	22		4		B-5			P1			U		16	  157	  1131	  1268		  1268
3		8	22		4		B-2			P1			U		15	  145	  1083	  1316		  1316
3		11	22		3		D-5			P1			U		14	  133	  1035	  1364		  1364
3		14	22		3		D-2			P1			U		13	  121	  987	  1412		  1412
3		17	22		3		B-5			P1			U		12	  109	  939	  1460		  1460
3		5	23		4		B-5			P1			V		16	  157	  459	  4340		  1940
3		8	23		4		B-2			P1			V		15	  145	  411	  4388		  1988
3		11	23		3		D-5			P1			V		14	  133	  363	  4436		  2036
3		14	23		3		D-2			P1			V		13	  121	  315	  4484		  2084
3		17	23		3		B-5			P1			V		12	  109	  267	  4532		  2132
3		5	24		4		B-5			P1			U		16	  157	  1132	  1267		  1267
3		8	24		4		B-2			P1			U		15	  145	  1084	  1315		  1315
3		11	24		3		D-5			P1			U		14	  133	  1036	  1363		  1363
3		14	24		3		D-2			P1			U		13	  121	  988	  1411		  1411
3		17	24		3		B-5			P1			U		12	  109	  940	  1459		  1459
3		5	25		4		B-5			P1			V		16	  157	  460	  4339		  1939
3		8	25		4		B-2			P1			V		15	  145	  412	  4387		  1987
3		11	25		3		D-5			P1			V		14	  133	  364	  4435		  2035
3		14	25		3		D-2			P1			V		13	  121	  316	  4483		  2083
3		17	25		3		B-5			P1			V		12	  109	  268	  4531		  2131
3		5	26		4		B-5			P1			U		16	  157	  1133	  1266		  1266
3		8	26		4		B-2			P1			U		15	  145	  1085	  1314		  1314
3		11	26		3		D-5			P1			U		14	  133	  1037	  1362		  1362
3		14	26		3		D-2			P1			U		13	  121	  989	  1410		  1410
3		17	26		3		B-5			P1			U		12	  109	  941	  1458		  1458
3		5	27		4		B-5			P1			V		16	  157	  461	  4338		  1938
3		8	27		4		B-2			P1			V		15	  145	  413	  4386		  1986
3		11	27		3		D-5			P1			V		14	  133	  365	  4434		  2034
3		14	27		3		D-2			P1			V		13	  121	  317	  4482		  2082
3		17	27		3		B-5			P1			V		12	  109	  269	  4530		  2130
3		5	28		4		B-5			P1			U		16	  157	  1134	  1265		  1265
3		8	28		4		B-2			P1			U		15	  145	  1086	  1313		  1313
3		11	28		3		D-5			P1			U		14	  133	  1038	  1361		  1361
3		14	28		3		D-2			P1			U		13	  121	  990	  1409		  1409
3		17	28		3		B-5			P1			U		12	  109	  942	  1457		  1457
3		5	29		4		B-5			P1			V		16	  157	  462	  4337		  1937
3		8	29		4		B-2			P1			V		15	  145	  414	  4385		  1985
3		11	29		3		D-5			P1			V		14	  133	  366	  4433		  2033
3		14	29		3		D-2			P1			V		13	  121	  318	  4481		  2081
3		17	29		3		B-5			P1			V		12	  109	  270	  4529		  2129
3		5	30		4		B-5			P1			U		16	  157	  1135	  1264		  1264
3		8	30		4		B-2			P1			U		15	  145	  1087	  1312		  1312
3		11	30		3		D-5			P1			U		14	  133	  1039	  1360		  1360
3		14	30		3		D-2			P1			U		13	  121	  991	  1408		  1408
3		17	30		3		B-5			P1			U		12	  109	  943	  1456		  1456
3		5	31		4		B-5			P1			V		16	  157	  463	  4336		  1936
3		8	31		4		B-2			P1			V		15	  145	  415	  4384		  1984
3		11	31		3		D-5			P1			V		14	  133	  367	  4432		  2032
3		14	31		3		D-2			P1			V		13	  121	  319	  4480		  2080
3		17	31		3		B-5			P1			V		12	  109	  271	  4528		  2128
3		5	0		4		B-5			P1			U		16	  156	  1120	  1279		  1279
3		8	0		4		B-2			P1			U		15	  144	  1072	  1327		  1327
3		11	0		3		D-5			P1			U		14	  132	  1024	  1375		  1375
3		14	0		3		D-2			P1			U		13	  120	  976	  1423		  1423
3		17	0		3		B-5			P1			U		12	  108	  928	  1471		  1471
3		5	1		4		B-5			P1			V		16	  156	  448	  4351		  1951
3		8	1		4		B-2			P1			V		15	  144	  400	  4399		  1999
3		11	1		3		D-5			P1			V		14	  132	  352	  4447		  2047
3		14	1		3		D-2			P1			V		13	  120	  304	  4495		  2095
3		17	1		3		B-5			P1			V		12	  108	  256	  4543		  2143
3		5	2		4		B-5			P1			U		16	  156	  1121	  1278		  1278
3		8	2		4		B-2			P1			U		15	  144	  1073	  1326		  1326
3		11	2		3		D-5			P1			U		14	  132	  1025	  1374		  1374
3		14	2		3		D-2			P1			U		13	  120	  977	  1422		  1422
3		17	2		3		B-5			P1			U		12	  108	  929	  1470		  1470
3		5	3		4		B-5			P1			V		16	  156	  449	  4350		  1950
3		8	3		4		B-2			P1			V		15	  144	  401	  4398		  1998
3		11	3		3		D-5			P1			V		14	  132	  353	  4446		  2046
3		14	3		3		D-2			P1			V		13	  120	  305	  4494		  2094
3		17	3		3		B-5			P1			V		12	  108	  257	  4542		  2142
3		5	4		4		B-5			P1			U		16	  156	  1122	  1277		  1277
3		8	4		4		B-2			P1			U		15	  144	  1074	  1325		  1325
3		11	4		3		D-5			P1			U		14	  132	  1026	  1373		  1373
3		14	4		3		D-2			P1			U		13	  120	  978	  1421		  1421
3		17	4		3		B-5			P1			U		12	  108	  930	  1469		  1469
3		5	5		4		B-5			P1			V		16	  156	  450	  4349		  1949
3		8	5		4		B-2			P1			V		15	  144	  402	  4397		  1997
3		11	5		3		D-5			P1			V		14	  132	  354	  4445		  2045
3		14	5		3		D-2			P1			V		13	  120	  306	  4493		  2093
3		17	5		3		B-5			P1			V		12	  108	  258	  4541		  2141
3		5	6		4		B-5			P1			U		16	  156	  1123	  1276		  1276
3		8	6		4		B-2			P1			U		15	  144	  1075	  1324		  1324
3		11	6		3		D-5			P1			U		14	  132	  1027	  1372		  1372
3		14	6		3		D-2			P1			U		13	  120	  979	  1420		  1420
3		17	6		3		B-5			P1			U		12	  108	  931	  1468		  1468
3		5	7		4		B-5			P1			V		16	  156	  451	  4348		  1948
3		8	7		4		B-2			P1			V		15	  144	  403	  4396		  1996
3		11	7		3		D-5			P1			V		14	  132	  355	  4444		  2044
3		14	7		3		D-2			P1			V		13	  120	  307	  4492		  2092
3		17	7		3		B-5			P1			V		12	  108	  259	  4540		  2140
3		5	8		4		B-5			P1			U		16	  156	  1124	  1275		  1275
3		8	8		4		B-2			P1			U		15	  144	  1076	  1323		  1323
3		11	8		3		D-5			P1			U		14	  132	  1028	  1371		  1371
3		14	8		3		D-2			P1			U		13	  120	  980	  1419		  1419
3		17	8		3		B-5			P1			U		12	  108	  932	  1467		  1467
3		5	9		4		B-5			P1			V		16	  156	  452	  4347		  1947
3		8	9		4		B-2			P1			V		15	  144	  404	  4395		  1995
3		11	9		3		D-5			P1			V		14	  132	  356	  4443		  2043
3		14	9		3		D-2			P1			V		13	  120	  308	  4491		  2091
3		17	9		3		B-5			P1			V		12	  108	  260	  4539		  2139
3		5	10		4		B-5			P1			U		16	  156	  1125	  1274		  1274
3		8	10		4		B-2			P1			U		15	  144	  1077	  1322		  1322
3		11	10		3		D-5			P1			U		14	  132	  1029	  1370		  1370
3		14	10		3		D-2			P1			U		13	  120	  981	  1418		  1418
3		17	10		3		B-5			P1			U		12	  108	  933	  1466		  1466
3		5	11		4		B-5			P1			V		16	  156	  453	  4346		  1946
3		8	11		4		B-2			P1			V		15	  144	  405	  4394		  1994
3		11	11		3		D-5			P1			V		14	  132	  357	  4442		  2042
3		14	11		3		D-2			P1			V		13	  120	  309	  4490		  2090
3		17	11		3		B-5			P1			V		12	  108	  261	  4538		  2138
3		5	12		4		B-5			P1			U		16	  156	  1126	  1273		  1273
3		8	12		4		B-2			P1			U		15	  144	  1078	  1321		  1321
3		11	12		3		D-5			P1			U		14	  132	  1030	  1369		  1369
3		14	12		3		D-2			P1			U		13	  120	  982	  1417		  1417
3		17	12		3		B-5			P1			U		12	  108	  934	  1465		  1465
3		5	13		4		B-5			P1			V		16	  156	  454	  4345		  1945
3		8	13		4		B-2			P1			V		15	  144	  406	  4393		  1993
3		11	13		3		D-5			P1			V		14	  132	  358	  4441		  2041
3		14	13		3		D-2			P1			V		13	  120	  310	  4489		  2089
3		17	13		3		B-5			P1			V		12	  108	  262	  4537		  2137
3		5	14		4		B-5			P1			U		16	  156	  1127	  1272		  1272
3		8	14		4		B-2			P1			U		15	  144	  1079	  1320		  1320
3		11	14		3		D-5			P1			U		14	  132	  1031	  1368		  1368
3		14	14		3		D-2			P1			U		13	  120	  983	  1416		  1416
3		17	14		3		B-5			P1			U		12	  108	  935	  1464		  1464
3		5	15		4		B-5			P1			V		16	  156	  455	  4344		  1944
3		8	15		4		B-2			P1			V		15	  144	  407	  4392		  1992
3		11	15		3		D-5			P1			V		14	  132	  359	  4440		  2040
3		14	15		3		D-2			P1			V		13	  120	  311	  4488		  2088
3		17	15		3		B-5			P1			V		12	  108	  263	  4536		  2136
3		4	32		4		A-6			P2			Y		16	  158	  928	  7327		  2527
3		7	32		4		A-3			P2			Y		15	  146	  832	  7423		  2623
3		10	32		3		C-6			P2			Y		14	  134	  736	  7519		  2719
3		13	32		3		C-3			P2			Y		13	  122	  640	  7615		  2815
3		16	32		3		A-6			P2			Y		12	  110	  544	  7711		  2911
3		4	33		4		A-6			P2			Y		16	  158	  929	  7326		  2526
3		7	33		4		A-3			P2			Y		15	  146	  833	  7422		  2622
3		10	33		3		C-6			P2			Y		14	  134	  737	  7518		  2718
3		13	33		3		C-3			P2			Y		13	  122	  641	  7614		  2814
3		16	33		3		A-6			P2			Y		12	  110	  545	  7710		  2910
3		4	34		4		A-6			P2			Y		16	  158	  930	  7325		  2525
3		7	34		4		A-3			P2			Y		15	  146	  834	  7421		  2621
3		10	34		3		C-6			P2			Y		14	  134	  738	  7517		  2717
3		13	34		3		C-3			P2			Y		13	  122	  642	  7613		  2813
3		16	34		3		A-6			P2			Y		12	  110	  546	  7709		  2909
3		4	35		4		A-6			P2			Y		16	  158	  931	  7324		  2524
3		7	35		4		A-3			P2			Y		15	  146	  835	  7420		  2620
3		10	35		3		C-6			P2			Y		14	  134	  739	  7516		  2716
3		13	35		3		C-3			P2			Y		13	  122	  643	  7612		  2812
3		16	35		3		A-6			P2			Y		12	  110	  547	  7708		  2908
3		4	36		4		A-6			P2			Y		16	  158	  932	  7323		  2523
3		7	36		4		A-3			P2			Y		15	  146	  836	  7419		  2619
3		10	36		3		C-6			P2			Y		14	  134	  740	  7515		  2715
3		13	36		3		C-3			P2			Y		13	  122	  644	  7611		  2811
3		16	36		3		A-6			P2			Y		12	  110	  548	  7707		  2907
3		4	37		4		A-6			P2			Y		16	  158	  933	  7322		  2522
3		7	37		4		A-3			P2			Y		15	  146	  837	  7418		  2618
3		10	37		3		C-6			P2			Y		14	  134	  741	  7514		  2714
3		13	37		3		C-3			P2			Y		13	  122	  645	  7610		  2810
3		16	37		3		A-6			P2			Y		12	  110	  549	  7706		  2906
3		4	38		4		A-6			P2			Y		16	  158	  934	  7321		  2521
3		7	38		4		A-3			P2			Y		15	  146	  838	  7417		  2617
3		10	38		3		C-6			P2			Y		14	  134	  742	  7513		  2713
3		13	38		3		C-3			P2			Y		13	  122	  646	  7609		  2809
3		16	38		3		A-6			P2			Y		12	  110	  550	  7705		  2905
3		4	39		4		A-6			P2			Y		16	  158	  935	  7320		  2520
3		7	39		4		A-3			P2			Y		15	  146	  839	  7416		  2616
3		10	39		3		C-6			P2			Y		14	  134	  743	  7512		  2712
3		13	39		3		C-3			P2			Y		13	  122	  647	  7608		  2808
3		16	39		3		A-6			P2			Y		12	  110	  551	  7704		  2904
3		4	40		4		A-6			P2			Y		16	  158	  936	  7319		  2519
3		7	40		4		A-3			P2			Y		15	  146	  840	  7415		  2615
3		10	40		3		C-6			P2			Y		14	  134	  744	  7511		  2711
3		13	40		3		C-3			P2			Y		13	  122	  648	  7607		  2807
3		16	40		3		A-6			P2			Y		12	  110	  552	  7703		  2903
3		4	41		4		A-6			P2			Y		16	  158	  937	  7318		  2518
3		7	41		4		A-3			P2			Y		15	  146	  841	  7414		  2614
3		10	41		3		C-6			P2			Y		14	  134	  745	  7510		  2710
3		13	41		3		C-3			P2			Y		13	  122	  649	  7606		  2806
3		16	41		3		A-6			P2			Y		12	  110	  553	  7702		  2902
3		4	42		4		A-6			P2			Y		16	  158	  938	  7317		  2517
3		7	42		4		A-3			P2			Y		15	  146	  842	  7413		  2613
3		10	42		3		C-6			P2			Y		14	  134	  746	  7509		  2709
3		13	42		3		C-3			P2			Y		13	  122	  650	  7605		  2805
3		16	42		3		A-6			P2			Y		12	  110	  554	  7701		  2901
3		4	43		4		A-6			P2			Y		16	  158	  939	  7316		  2516
3		7	43		4		A-3			P2			Y		15	  146	  843	  7412		  2612
3		10	43		3		C-6			P2			Y		14	  134	  747	  7508		  2708
3		13	43		3		C-3			P2			Y		13	  122	  651	  7604		  2804
3		16	43		3		A-6			P2			Y		12	  110	  555	  7700		  2900
3		4	44		4		A-6			P2			Y		16	  158	  940	  7315		  2515
3		7	44		4		A-3			P2			Y		15	  146	  844	  7411		  2611
3		10	44		3		C-6			P2			Y		14	  134	  748	  7507		  2707
3		13	44		3		C-3			P2			Y		13	  122	  652	  7603		  2803
3		16	44		3		A-6			P2			Y		12	  110	  556	  7699		  2899
3		4	45		4		A-6			P2			Y		16	  158	  941	  7314		  2514
3		7	45		4		A-3			P2			Y		15	  146	  845	  7410		  2610
3		10	45		3		C-6			P2			Y		14	  134	  749	  7506		  2706
3		13	45		3		C-3			P2			Y		13	  122	  653	  7602		  2802
3		16	45		3		A-6			P2			Y		12	  110	  557	  7698		  2898
3		4	46		4		A-6			P2			Y		16	  158	  942	  7313		  2513
3		7	46		4		A-3			P2			Y		15	  146	  846	  7409		  2609
3		10	46		3		C-6			P2			Y		14	  134	  750	  7505		  2705
3		13	46		3		C-3			P2			Y		13	  122	  654	  7601		  2801
3		16	46		3		A-6			P2			Y		12	  110	  558	  7697		  2897
3		4	47		4		A-6			P2			Y		16	  158	  943	  7312		  2512
3		7	47		4		A-3			P2			Y		15	  146	  847	  7408		  2608
3		10	47		3		C-6			P2			Y		14	  134	  751	  7504		  2704
3		13	47		3		C-3			P2			Y		13	  122	  655	  7600		  2800
3		16	47		3		A-6			P2			Y		12	  110	  559	  7696		  2896
3		4	48		4		A-6			P2			Y		16	  159	  944	  7311		  2511
3		7	48		4		A-3			P2			Y		15	  147	  848	  7407		  2607
3		10	48		3		C-6			P2			Y		14	  135	  752	  7503		  2703
3		13	48		3		C-3			P2			Y		13	  123	  656	  7599		  2799
3		16	48		3		A-6			P2			Y		12	  111	  560	  7695		  2895
3		4	49		4		A-6			P2			Y		16	  159	  945	  7310		  2510
3		7	49		4		A-3			P2			Y		15	  147	  849	  7406		  2606
3		10	49		3		C-6			P2			Y		14	  135	  753	  7502		  2702
3		13	49		3		C-3			P2			Y		13	  123	  657	  7598		  2798
3		16	49		3		A-6			P2			Y		12	  111	  561	  7694		  2894
3		4	50		4		A-6			P2			Y		16	  159	  946	  7309		  2509
3		7	50		4		A-3			P2			Y		15	  147	  850	  7405		  2605
3		10	50		3		C-6			P2			Y		14	  135	  754	  7501		  2701
3		13	50		3		C-3			P2			Y		13	  123	  658	  7597		  2797
3		16	50		3		A-6			P2			Y		12	  111	  562	  7693		  2893
3		4	51		4		A-6			P2			Y		16	  159	  947	  7308		  2508
3		7	51		4		A-3			P2			Y		15	  147	  851	  7404		  2604
3		10	51		3		C-6			P2			Y		14	  135	  755	  7500		  2700
3		13	51		3		C-3			P2			Y		13	  123	  659	  7596		  2796
3		16	51		3		A-6			P2			Y		12	  111	  563	  7692		  2892
3		4	52		4		A-6			P2			Y		16	  159	  948	  7307		  2507
3		7	52		4		A-3			P2			Y		15	  147	  852	  7403		  2603
3		10	52		3		C-6			P2			Y		14	  135	  756	  7499		  2699
3		13	52		3		C-3			P2			Y		13	  123	  660	  7595		  2795
3		16	52		3		A-6			P2			Y		12	  111	  564	  7691		  2891
3		4	53		4		A-6			P2			Y		16	  159	  949	  7306		  2506
3		7	53		4		A-3			P2			Y		15	  147	  853	  7402		  2602
3		10	53		3		C-6			P2			Y		14	  135	  757	  7498		  2698
3		13	53		3		C-3			P2			Y		13	  123	  661	  7594		  2794
3		16	53		3		A-6			P2			Y		12	  111	  565	  7690		  2890
3		4	54		4		A-6			P2			Y		16	  159	  950	  7305		  2505
3		7	54		4		A-3			P2			Y		15	  147	  854	  7401		  2601
3		10	54		3		C-6			P2			Y		14	  135	  758	  7497		  2697
3		13	54		3		C-3			P2			Y		13	  123	  662	  7593		  2793
3		16	54		3		A-6			P2			Y		12	  111	  566	  7689		  2889
3		4	55		4		A-6			P2			Y		16	  159	  951	  7304		  2504
3		7	55		4		A-3			P2			Y		15	  147	  855	  7400		  2600
3		10	55		3		C-6			P2			Y		14	  135	  759	  7496		  2696
3		13	55		3		C-3			P2			Y		13	  123	  663	  7592		  2792
3		16	55		3		A-6			P2			Y		12	  111	  567	  7688		  2888
3		4	56		4		A-6			P2			Y		16	  159	  952	  7303		  2503
3		7	56		4		A-3			P2			Y		15	  147	  856	  7399		  2599
3		10	56		3		C-6			P2			Y		14	  135	  760	  7495		  2695
3		13	56		3		C-3			P2			Y		13	  123	  664	  7591		  2791
3		16	56		3		A-6			P2			Y		12	  111	  568	  7687		  2887
3		4	57		4		A-6			P2			Y		16	  159	  953	  7302		  2502
3		7	57		4		A-3			P2			Y		15	  147	  857	  7398		  2598
3		10	57		3		C-6			P2			Y		14	  135	  761	  7494		  2694
3		13	57		3		C-3			P2			Y		13	  123	  665	  7590		  2790
3		16	57		3		A-6			P2			Y		12	  111	  569	  7686		  2886
3		4	58		4		A-6			P2			Y		16	  159	  954	  7301		  2501
3		7	58		4		A-3			P2			Y		15	  147	  858	  7397		  2597
3		10	58		3		C-6			P2			Y		14	  135	  762	  7493		  2693
3		13	58		3		C-3			P2			Y		13	  123	  666	  7589		  2789
3		16	58		3		A-6			P2			Y		12	  111	  570	  7685		  2885
3		4	59		4		A-6			P2			Y		16	  159	  955	  7300		  2500
3		7	59		4		A-3			P2			Y		15	  147	  859	  7396		  2596
3		10	59		3		C-6			P2			Y		14	  135	  763	  7492		  2692
3		13	59		3		C-3			P2			Y		13	  123	  667	  7588		  2788
3		16	59		3		A-6			P2			Y		12	  111	  571	  7684		  2884
3		4	60		4		A-6			P2			Y		16	  159	  956	  7299		  2499
3		7	60		4		A-3			P2			Y		15	  147	  860	  7395		  2595
3		10	60		3		C-6			P2			Y		14	  135	  764	  7491		  2691
3		13	60		3		C-3			P2			Y		13	  123	  668	  7587		  2787
3		16	60		3		A-6			P2			Y		12	  111	  572	  7683		  2883
3		4	61		4		A-6			P2			Y		16	  159	  957	  7298		  2498
3		7	61		4		A-3			P2			Y		15	  147	  861	  7394		  2594
3		10	61		3		C-6			P2			Y		14	  135	  765	  7490		  2690
3		13	61		3		C-3			P2			Y		13	  123	  669	  7586		  2786
3		16	61		3		A-6			P2			Y		12	  111	  573	  7682		  2882
3		4	62		4		A-6			P2			Y		16	  159	  958	  7297		  2497
3		7	62		4		A-3			P2			Y		15	  147	  862	  7393		  2593
3		10	62		3		C-6			P2			Y		14	  135	  766	  7489		  2689
3		13	62		3		C-3			P2			Y		13	  123	  670	  7585		  2785
3		16	62		3		A-6			P2			Y		12	  111	  574	  7681		  2881
3		4	63		4		A-6			P2			Y		16	  159	  959	  7296		  2496
3		7	63		4		A-3			P2			Y		15	  147	  863	  7392		  2592
3		10	63		3		C-6			P2			Y		14	  135	  767	  7488		  2688
3		13	63		3		C-3			P2			Y		13	  123	  671	  7584		  2784
3		16	63		3		A-6			P2			Y		12	  111	  575	  7680		  2880
3		4	16		4		B-6			P1			U		16	  161	  1144	  1255		  1255
3		7	16		4		B-3			P1			U		15	  149	  1096	  1303		  1303
3		10	16		3		D-6			P1			U		14	  137	  1048	  1351		  1351
3		13	16		3		D-3			P1			U		13	  125	  1000	  1399		  1399
3		16	16		3		B-6			P1			U		12	  113	  952	  1447		  1447
3		4	17		4		B-6			P1			V		16	  161	  472	  4327		  1927
3		7	17		4		B-3			P1			V		15	  149	  424	  4375		  1975
3		10	17		3		D-6			P1			V		14	  137	  376	  4423		  2023
3		13	17		3		D-3			P1			V		13	  125	  328	  4471		  2071
3		16	17		3		B-6			P1			V		12	  113	  280	  4519		  2119
3		4	18		4		B-6			P1			U		16	  161	  1145	  1254		  1254
3		7	18		4		B-3			P1			U		15	  149	  1097	  1302		  1302
3		10	18		3		D-6			P1			U		14	  137	  1049	  1350		  1350
3		13	18		3		D-3			P1			U		13	  125	  1001	  1398		  1398
3		16	18		3		B-6			P1			U		12	  113	  953	  1446		  1446
3		4	19		4		B-6			P1			V		16	  161	  473	  4326		  1926
3		7	19		4		B-3			P1			V		15	  149	  425	  4374		  1974
3		10	19		3		D-6			P1			V		14	  137	  377	  4422		  2022
3		13	19		3		D-3			P1			V		13	  125	  329	  4470		  2070
3		16	19		3		B-6			P1			V		12	  113	  281	  4518		  2118
3		4	20		4		B-6			P1			U		16	  161	  1146	  1253		  1253
3		7	20		4		B-3			P1			U		15	  149	  1098	  1301		  1301
3		10	20		3		D-6			P1			U		14	  137	  1050	  1349		  1349
3		13	20		3		D-3			P1			U		13	  125	  1002	  1397		  1397
3		16	20		3		B-6			P1			U		12	  113	  954	  1445		  1445
3		4	21		4		B-6			P1			V		16	  161	  474	  4325		  1925
3		7	21		4		B-3			P1			V		15	  149	  426	  4373		  1973
3		10	21		3		D-6			P1			V		14	  137	  378	  4421		  2021
3		13	21		3		D-3			P1			V		13	  125	  330	  4469		  2069
3		16	21		3		B-6			P1			V		12	  113	  282	  4517		  2117
3		4	22		4		B-6			P1			U		16	  161	  1147	  1252		  1252
3		7	22		4		B-3			P1			U		15	  149	  1099	  1300		  1300
3		10	22		3		D-6			P1			U		14	  137	  1051	  1348		  1348
3		13	22		3		D-3			P1			U		13	  125	  1003	  1396		  1396
3		16	22		3		B-6			P1			U		12	  113	  955	  1444		  1444
3		4	23		4		B-6			P1			V		16	  161	  475	  4324		  1924
3		7	23		4		B-3			P1			V		15	  149	  427	  4372		  1972
3		10	23		3		D-6			P1			V		14	  137	  379	  4420		  2020
3		13	23		3		D-3			P1			V		13	  125	  331	  4468		  2068
3		16	23		3		B-6			P1			V		12	  113	  283	  4516		  2116
3		4	24		4		B-6			P1			U		16	  161	  1148	  1251		  1251
3		7	24		4		B-3			P1			U		15	  149	  1100	  1299		  1299
3		10	24		3		D-6			P1			U		14	  137	  1052	  1347		  1347
3		13	24		3		D-3			P1			U		13	  125	  1004	  1395		  1395
3		16	24		3		B-6			P1			U		12	  113	  956	  1443		  1443
3		4	25		4		B-6			P1			V		16	  161	  476	  4323		  1923
3		7	25		4		B-3			P1			V		15	  149	  428	  4371		  1971
3		10	25		3		D-6			P1			V		14	  137	  380	  4419		  2019
3		13	25		3		D-3			P1			V		13	  125	  332	  4467		  2067
3		16	25		3		B-6			P1			V		12	  113	  284	  4515		  2115
3		4	26		4		B-6			P1			U		16	  161	  1149	  1250		  1250
3		7	26		4		B-3			P1			U		15	  149	  1101	  1298		  1298
3		10	26		3		D-6			P1			U		14	  137	  1053	  1346		  1346
3		13	26		3		D-3			P1			U		13	  125	  1005	  1394		  1394
3		16	26		3		B-6			P1			U		12	  113	  957	  1442		  1442
3		4	27		4		B-6			P1			V		16	  161	  477	  4322		  1922
3		7	27		4		B-3			P1			V		15	  149	  429	  4370		  1970
3		10	27		3		D-6			P1			V		14	  137	  381	  4418		  2018
3		13	27		3		D-3			P1			V		13	  125	  333	  4466		  2066
3		16	27		3		B-6			P1			V		12	  113	  285	  4514		  2114
3		4	28		4		B-6			P1			U		16	  161	  1150	  1249		  1249
3		7	28		4		B-3			P1			U		15	  149	  1102	  1297		  1297
3		10	28		3		D-6			P1			U		14	  137	  1054	  1345		  1345
3		13	28		3		D-3			P1			U		13	  125	  1006	  1393		  1393
3		16	28		3		B-6			P1			U		12	  113	  958	  1441		  1441
3		4	29		4		B-6			P1			V		16	  161	  478	  4321		  1921
3		7	29		4		B-3			P1			V		15	  149	  430	  4369		  1969
3		10	29		3		D-6			P1			V		14	  137	  382	  4417		  2017
3		13	29		3		D-3			P1			V		13	  125	  334	  4465		  2065
3		16	29		3		B-6			P1			V		12	  113	  286	  4513		  2113
3		4	30		4		B-6			P1			U		16	  161	  1151	  1248		  1248
3		7	30		4		B-3			P1			U		15	  149	  1103	  1296		  1296
3		10	30		3		D-6			P1			U		14	  137	  1055	  1344		  1344
3		13	30		3		D-3			P1			U		13	  125	  1007	  1392		  1392
3		16	30		3		B-6			P1			U		12	  113	  959	  1440		  1440
3		4	31		4		B-6			P1			V		16	  161	  479	  4320		  1920
3		7	31		4		B-3			P1			V		15	  149	  431	  4368		  1968
3		10	31		3		D-6			P1			V		14	  137	  383	  4416		  2016
3		13	31		3		D-3			P1			V		13	  125	  335	  4464		  2064
3		16	31		3		B-6			P1			V		12	  113	  287	  4512		  2112
3		4	0		4		B-6			P1			U		16	  160	  1136	  1263		  1263
3		7	0		4		B-3			P1			U		15	  148	  1088	  1311		  1311
3		10	0		3		D-6			P1			U		14	  136	  1040	  1359		  1359
3		13	0		3		D-3			P1			U		13	  124	  992	  1407		  1407
3		16	0		3		B-6			P1			U		12	  112	  944	  1455		  1455
3		4	1		4		B-6			P1			V		16	  160	  464	  4335		  1935
3		7	1		4		B-3			P1			V		15	  148	  416	  4383		  1983
3		10	1		3		D-6			P1			V		14	  136	  368	  4431		  2031
3		13	1		3		D-3			P1			V		13	  124	  320	  4479		  2079
3		16	1		3		B-6			P1			V		12	  112	  272	  4527		  2127
3		4	2		4		B-6			P1			U		16	  160	  1137	  1262		  1262
3		7	2		4		B-3			P1			U		15	  148	  1089	  1310		  1310
3		10	2		3		D-6			P1			U		14	  136	  1041	  1358		  1358
3		13	2		3		D-3			P1			U		13	  124	  993	  1406		  1406
3		16	2		3		B-6			P1			U		12	  112	  945	  1454		  1454
3		4	3		4		B-6			P1			V		16	  160	  465	  4334		  1934
3		7	3		4		B-3			P1			V		15	  148	  417	  4382		  1982
3		10	3		3		D-6			P1			V		14	  136	  369	  4430		  2030
3		13	3		3		D-3			P1			V		13	  124	  321	  4478		  2078
3		16	3		3		B-6			P1			V		12	  112	  273	  4526		  2126
3		4	4		4		B-6			P1			U		16	  160	  1138	  1261		  1261
3		7	4		4		B-3			P1			U		15	  148	  1090	  1309		  1309
3		10	4		3		D-6			P1			U		14	  136	  1042	  1357		  1357
3		13	4		3		D-3			P1			U		13	  124	  994	  1405		  1405
3		16	4		3		B-6			P1			U		12	  112	  946	  1453		  1453
3		4	5		4		B-6			P1			V		16	  160	  466	  4333		  1933
3		7	5		4		B-3			P1			V		15	  148	  418	  4381		  1981
3		10	5		3		D-6			P1			V		14	  136	  370	  4429		  2029
3		13	5		3		D-3			P1			V		13	  124	  322	  4477		  2077
3		16	5		3		B-6			P1			V		12	  112	  274	  4525		  2125
3		4	6		4		B-6			P1			U		16	  160	  1139	  1260		  1260
3		7	6		4		B-3			P1			U		15	  148	  1091	  1308		  1308
3		10	6		3		D-6			P1			U		14	  136	  1043	  1356		  1356
3		13	6		3		D-3			P1			U		13	  124	  995	  1404		  1404
3		16	6		3		B-6			P1			U		12	  112	  947	  1452		  1452
3		4	7		4		B-6			P1			V		16	  160	  467	  4332		  1932
3		7	7		4		B-3			P1			V		15	  148	  419	  4380		  1980
3		10	7		3		D-6			P1			V		14	  136	  371	  4428		  2028
3		13	7		3		D-3			P1			V		13	  124	  323	  4476		  2076
3		16	7		3		B-6			P1			V		12	  112	  275	  4524		  2124
3		4	8		4		B-6			P1			U		16	  160	  1140	  1259		  1259
3		7	8		4		B-3			P1			U		15	  148	  1092	  1307		  1307
3		10	8		3		D-6			P1			U		14	  136	  1044	  1355		  1355
3		13	8		3		D-3			P1			U		13	  124	  996	  1403		  1403
3		16	8		3		B-6			P1			U		12	  112	  948	  1451		  1451
3		4	9		4		B-6			P1			V		16	  160	  468	  4331		  1931
3		7	9		4		B-3			P1			V		15	  148	  420	  4379		  1979
3		10	9		3		D-6			P1			V		14	  136	  372	  4427		  2027
3		13	9		3		D-3			P1			V		13	  124	  324	  4475		  2075
3		16	9		3		B-6			P1			V		12	  112	  276	  4523		  2123
3		4	10		4		B-6			P1			U		16	  160	  1141	  1258		  1258
3		7	10		4		B-3			P1			U		15	  148	  1093	  1306		  1306
3		10	10		3		D-6			P1			U		14	  136	  1045	  1354		  1354
3		13	10		3		D-3			P1			U		13	  124	  997	  1402		  1402
3		16	10		3		B-6			P1			U		12	  112	  949	  1450		  1450
3		4	11		4		B-6			P1			V		16	  160	  469	  4330		  1930
3		7	11		4		B-3			P1			V		15	  148	  421	  4378		  1978
3		10	11		3		D-6			P1			V		14	  136	  373	  4426		  2026
3		13	11		3		D-3			P1			V		13	  124	  325	  4474		  2074
3		16	11		3		B-6			P1			V		12	  112	  277	  4522		  2122
3		4	12		4		B-6			P1			U		16	  160	  1142	  1257		  1257
3		7	12		4		B-3			P1			U		15	  148	  1094	  1305		  1305
3		10	12		3		D-6			P1			U		14	  136	  1046	  1353		  1353
3		13	12		3		D-3			P1			U		13	  124	  998	  1401		  1401
3		16	12		3		B-6			P1			U		12	  112	  950	  1449		  1449
3		4	13		4		B-6			P1			V		16	  160	  470	  4329		  1929
3		7	13		4		B-3			P1			V		15	  148	  422	  4377		  1977
3		10	13		3		D-6			P1			V		14	  136	  374	  4425		  2025
3		13	13		3		D-3			P1			V		13	  124	  326	  4473		  2073
3		16	13		3		B-6			P1			V		12	  112	  278	  4521		  2121
3		4	14		4		B-6			P1			U		16	  160	  1143	  1256		  1256
3		7	14		4		B-3			P1			U		15	  148	  1095	  1304		  1304
3		10	14		3		D-6			P1			U		14	  136	  1047	  1352		  1352
3		13	14		3		D-3			P1			U		13	  124	  999	  1400		  1400
3		16	14		3		B-6			P1			U		12	  112	  951	  1448		  1448
3		4	15		4		B-6			P1			V		16	  160	  471	  4328		  1928
3		7	15		4		B-3			P1			V		15	  148	  423	  4376		  1976
3		10	15		3		D-6			P1			V		14	  136	  375	  4424		  2024
3		13	15		3		D-3			P1			V		13	  124	  327	  4472		  2072
3		16	15		3		B-6			P1			V		12	  112	  279	  4520		  2120
