crate_id	slot	fem_channel	feedthru	faraday_cage_connector	adcreceiver_topbot	wireplane	mboard_id asic_id wirenum larsoft_channel larsoft_wirenum
4		6	32		5		C-1			P2			Y		21	  210	  1344	  6911		  2111
4		9	32		5		A-4			P2			Y		20	  198	  1248	  7007		  2207
4		12	32		5		A-1			P2			Y		19	  186	  1152	  7103		  2303
4		15	32		4		C-4			P2			Y		18	  174	  1056	  7199		  2399
4		18	32		4		C-1			P2			Y		17	  162	  960	  7295		  2495
4		6	33		5		C-1			P2			Y		21	  210	  1345	  6910		  2110
4		9	33		5		A-4			P2			Y		20	  198	  1249	  7006		  2206
4		12	33		5		A-1			P2			Y		19	  186	  1153	  7102		  2302
4		15	33		4		C-4			P2			Y		18	  174	  1057	  7198		  2398
4		18	33		4		C-1			P2			Y		17	  162	  961	  7294		  2494
4		6	34		5		C-1			P2			Y		21	  210	  1346	  6909		  2109
4		9	34		5		A-4			P2			Y		20	  198	  1250	  7005		  2205
4		12	34		5		A-1			P2			Y		19	  186	  1154	  7101		  2301
4		15	34		4		C-4			P2			Y		18	  174	  1058	  7197		  2397
4		18	34		4		C-1			P2			Y		17	  162	  962	  7293		  2493
4		6	35		5		C-1			P2			Y		21	  210	  1347	  6908		  2108
4		9	35		5		A-4			P2			Y		20	  198	  1251	  7004		  2204
4		12	35		5		A-1			P2			Y		19	  186	  1155	  7100		  2300
4		15	35		4		C-4			P2			Y		18	  174	  1059	  7196		  2396
4		18	35		4		C-1			P2			Y		17	  162	  963	  7292		  2492
4		6	36		5		C-1			P2			Y		21	  210	  1348	  6907		  2107
4		9	36		5		A-4			P2			Y		20	  198	  1252	  7003		  2203
4		12	36		5		A-1			P2			Y		19	  186	  1156	  7099		  2299
4		15	36		4		C-4			P2			Y		18	  174	  1060	  7195		  2395
4		18	36		4		C-1			P2			Y		17	  162	  964	  7291		  2491
4		6	37		5		C-1			P2			Y		21	  210	  1349	  6906		  2106
4		9	37		5		A-4			P2			Y		20	  198	  1253	  7002		  2202
4		12	37		5		A-1			P2			Y		19	  186	  1157	  7098		  2298
4		15	37		4		C-4			P2			Y		18	  174	  1061	  7194		  2394
4		18	37		4		C-1			P2			Y		17	  162	  965	  7290		  2490
4		6	38		5		C-1			P2			Y		21	  210	  1350	  6905		  2105
4		9	38		5		A-4			P2			Y		20	  198	  1254	  7001		  2201
4		12	38		5		A-1			P2			Y		19	  186	  1158	  7097		  2297
4		15	38		4		C-4			P2			Y		18	  174	  1062	  7193		  2393
4		18	38		4		C-1			P2			Y		17	  162	  966	  7289		  2489
4		6	39		5		C-1			P2			Y		21	  210	  1351	  6904		  2104
4		9	39		5		A-4			P2			Y		20	  198	  1255	  7000		  2200
4		12	39		5		A-1			P2			Y		19	  186	  1159	  7096		  2296
4		15	39		4		C-4			P2			Y		18	  174	  1063	  7192		  2392
4		18	39		4		C-1			P2			Y		17	  162	  967	  7288		  2488
4		6	40		5		C-1			P2			Y		21	  210	  1352	  6903		  2103
4		9	40		5		A-4			P2			Y		20	  198	  1256	  6999		  2199
4		12	40		5		A-1			P2			Y		19	  186	  1160	  7095		  2295
4		15	40		4		C-4			P2			Y		18	  174	  1064	  7191		  2391
4		18	40		4		C-1			P2			Y		17	  162	  968	  7287		  2487
4		6	41		5		C-1			P2			Y		21	  210	  1353	  6902		  2102
4		9	41		5		A-4			P2			Y		20	  198	  1257	  6998		  2198
4		12	41		5		A-1			P2			Y		19	  186	  1161	  7094		  2294
4		15	41		4		C-4			P2			Y		18	  174	  1065	  7190		  2390
4		18	41		4		C-1			P2			Y		17	  162	  969	  7286		  2486
4		6	42		5		C-1			P2			Y		21	  210	  1354	  6901		  2101
4		9	42		5		A-4			P2			Y		20	  198	  1258	  6997		  2197
4		12	42		5		A-1			P2			Y		19	  186	  1162	  7093		  2293
4		15	42		4		C-4			P2			Y		18	  174	  1066	  7189		  2389
4		18	42		4		C-1			P2			Y		17	  162	  970	  7285		  2485
4		6	43		5		C-1			P2			Y		21	  210	  1355	  6900		  2100
4		9	43		5		A-4			P2			Y		20	  198	  1259	  6996		  2196
4		12	43		5		A-1			P2			Y		19	  186	  1163	  7092		  2292
4		15	43		4		C-4			P2			Y		18	  174	  1067	  7188		  2388
4		18	43		4		C-1			P2			Y		17	  162	  971	  7284		  2484
4		6	44		5		C-1			P2			Y		21	  210	  1356	  6899		  2099
4		9	44		5		A-4			P2			Y		20	  198	  1260	  6995		  2195
4		12	44		5		A-1			P2			Y		19	  186	  1164	  7091		  2291
4		15	44		4		C-4			P2			Y		18	  174	  1068	  7187		  2387
4		18	44		4		C-1			P2			Y		17	  162	  972	  7283		  2483
4		6	45		5		C-1			P2			Y		21	  210	  1357	  6898		  2098
4		9	45		5		A-4			P2			Y		20	  198	  1261	  6994		  2194
4		12	45		5		A-1			P2			Y		19	  186	  1165	  7090		  2290
4		15	45		4		C-4			P2			Y		18	  174	  1069	  7186		  2386
4		18	45		4		C-1			P2			Y		17	  162	  973	  7282		  2482
4		6	46		5		C-1			P2			Y		21	  210	  1358	  6897		  2097
4		9	46		5		A-4			P2			Y		20	  198	  1262	  6993		  2193
4		12	46		5		A-1			P2			Y		19	  186	  1166	  7089		  2289
4		15	46		4		C-4			P2			Y		18	  174	  1070	  7185		  2385
4		18	46		4		C-1			P2			Y		17	  162	  974	  7281		  2481
4		6	47		5		C-1			P2			Y		21	  210	  1359	  6896		  2096
4		9	47		5		A-4			P2			Y		20	  198	  1263	  6992		  2192
4		12	47		5		A-1			P2			Y		19	  186	  1167	  7088		  2288
4		15	47		4		C-4			P2			Y		18	  174	  1071	  7184		  2384
4		18	47		4		C-1			P2			Y		17	  162	  975	  7280		  2480
4		6	48		5		C-1			P2			Y		21	  211	  1360	  6895		  2095
4		9	48		5		A-4			P2			Y		20	  199	  1264	  6991		  2191
4		12	48		5		A-1			P2			Y		19	  187	  1168	  7087		  2287
4		15	48		4		C-4			P2			Y		18	  175	  1072	  7183		  2383
4		18	48		4		C-1			P2			Y		17	  163	  976	  7279		  2479
4		6	49		5		C-1			P2			Y		21	  211	  1361	  6894		  2094
4		9	49		5		A-4			P2			Y		20	  199	  1265	  6990		  2190
4		12	49		5		A-1			P2			Y		19	  187	  1169	  7086		  2286
4		15	49		4		C-4			P2			Y		18	  175	  1073	  7182		  2382
4		18	49		4		C-1			P2			Y		17	  163	  977	  7278		  2478
4		6	50		5		C-1			P2			Y		21	  211	  1362	  6893		  2093
4		9	50		5		A-4			P2			Y		20	  199	  1266	  6989		  2189
4		12	50		5		A-1			P2			Y		19	  187	  1170	  7085		  2285
4		15	50		4		C-4			P2			Y		18	  175	  1074	  7181		  2381
4		18	50		4		C-1			P2			Y		17	  163	  978	  7277		  2477
4		6	51		5		C-1			P2			Y		21	  211	  1363	  6892		  2092
4		9	51		5		A-4			P2			Y		20	  199	  1267	  6988		  2188
4		12	51		5		A-1			P2			Y		19	  187	  1171	  7084		  2284
4		15	51		4		C-4			P2			Y		18	  175	  1075	  7180		  2380
4		18	51		4		C-1			P2			Y		17	  163	  979	  7276		  2476
4		6	52		5		C-1			P2			Y		21	  211	  1364	  6891		  2091
4		9	52		5		A-4			P2			Y		20	  199	  1268	  6987		  2187
4		12	52		5		A-1			P2			Y		19	  187	  1172	  7083		  2283
4		15	52		4		C-4			P2			Y		18	  175	  1076	  7179		  2379
4		18	52		4		C-1			P2			Y		17	  163	  980	  7275		  2475
4		6	53		5		C-1			P2			Y		21	  211	  1365	  6890		  2090
4		9	53		5		A-4			P2			Y		20	  199	  1269	  6986		  2186
4		12	53		5		A-1			P2			Y		19	  187	  1173	  7082		  2282
4		15	53		4		C-4			P2			Y		18	  175	  1077	  7178		  2378
4		18	53		4		C-1			P2			Y		17	  163	  981	  7274		  2474
4		6	54		5		C-1			P2			Y		21	  211	  1366	  6889		  2089
4		9	54		5		A-4			P2			Y		20	  199	  1270	  6985		  2185
4		12	54		5		A-1			P2			Y		19	  187	  1174	  7081		  2281
4		15	54		4		C-4			P2			Y		18	  175	  1078	  7177		  2377
4		18	54		4		C-1			P2			Y		17	  163	  982	  7273		  2473
4		6	55		5		C-1			P2			Y		21	  211	  1367	  6888		  2088
4		9	55		5		A-4			P2			Y		20	  199	  1271	  6984		  2184
4		12	55		5		A-1			P2			Y		19	  187	  1175	  7080		  2280
4		15	55		4		C-4			P2			Y		18	  175	  1079	  7176		  2376
4		18	55		4		C-1			P2			Y		17	  163	  983	  7272		  2472
4		6	56		5		C-1			P2			Y		21	  211	  1368	  6887		  2087
4		9	56		5		A-4			P2			Y		20	  199	  1272	  6983		  2183
4		12	56		5		A-1			P2			Y		19	  187	  1176	  7079		  2279
4		15	56		4		C-4			P2			Y		18	  175	  1080	  7175		  2375
4		18	56		4		C-1			P2			Y		17	  163	  984	  7271		  2471
4		6	57		5		C-1			P2			Y		21	  211	  1369	  6886		  2086
4		9	57		5		A-4			P2			Y		20	  199	  1273	  6982		  2182
4		12	57		5		A-1			P2			Y		19	  187	  1177	  7078		  2278
4		15	57		4		C-4			P2			Y		18	  175	  1081	  7174		  2374
4		18	57		4		C-1			P2			Y		17	  163	  985	  7270		  2470
4		6	58		5		C-1			P2			Y		21	  211	  1370	  6885		  2085
4		9	58		5		A-4			P2			Y		20	  199	  1274	  6981		  2181
4		12	58		5		A-1			P2			Y		19	  187	  1178	  7077		  2277
4		15	58		4		C-4			P2			Y		18	  175	  1082	  7173		  2373
4		18	58		4		C-1			P2			Y		17	  163	  986	  7269		  2469
4		6	59		5		C-1			P2			Y		21	  211	  1371	  6884		  2084
4		9	59		5		A-4			P2			Y		20	  199	  1275	  6980		  2180
4		12	59		5		A-1			P2			Y		19	  187	  1179	  7076		  2276
4		15	59		4		C-4			P2			Y		18	  175	  1083	  7172		  2372
4		18	59		4		C-1			P2			Y		17	  163	  987	  7268		  2468
4		6	60		5		C-1			P2			Y		21	  211	  1372	  6883		  2083
4		9	60		5		A-4			P2			Y		20	  199	  1276	  6979		  2179
4		12	60		5		A-1			P2			Y		19	  187	  1180	  7075		  2275
4		15	60		4		C-4			P2			Y		18	  175	  1084	  7171		  2371
4		18	60		4		C-1			P2			Y		17	  163	  988	  7267		  2467
4		6	61		5		C-1			P2			Y		21	  211	  1373	  6882		  2082
4		9	61		5		A-4			P2			Y		20	  199	  1277	  6978		  2178
4		12	61		5		A-1			P2			Y		19	  187	  1181	  7074		  2274
4		15	61		4		C-4			P2			Y		18	  175	  1085	  7170		  2370
4		18	61		4		C-1			P2			Y		17	  163	  989	  7266		  2466
4		6	62		5		C-1			P2			Y		21	  211	  1374	  6881		  2081
4		9	62		5		A-4			P2			Y		20	  199	  1278	  6977		  2177
4		12	62		5		A-1			P2			Y		19	  187	  1182	  7073		  2273
4		15	62		4		C-4			P2			Y		18	  175	  1086	  7169		  2369
4		18	62		4		C-1			P2			Y		17	  163	  990	  7265		  2465
4		6	63		5		C-1			P2			Y		21	  211	  1375	  6880		  2080
4		9	63		5		A-4			P2			Y		20	  199	  1279	  6976		  2176
4		12	63		5		A-1			P2			Y		19	  187	  1183	  7072		  2272
4		15	63		4		C-4			P2			Y		18	  175	  1087	  7168		  2368
4		18	63		4		C-1			P2			Y		17	  163	  991	  7264		  2464
4		6	16		5		D-1			P1			U		21	  213	  1352	  1047		  1047
4		9	16		5		B-4			P1			U		20	  201	  1304	  1095		  1095
4		12	16		5		B-1			P1			U		19	  189	  1256	  1143		  1143
4		15	16		4		D-4			P1			U		18	  177	  1208	  1191		  1191
4		18	16		4		D-1			P1			U		17	  165	  1160	  1239		  1239
4		6	17		5		D-1			P1			V		21	  213	  680	  4119		  1719
4		9	17		5		B-4			P1			V		20	  201	  632	  4167		  1767
4		12	17		5		B-1			P1			V		19	  189	  584	  4215		  1815
4		15	17		4		D-4			P1			V		18	  177	  536	  4263		  1863
4		18	17		4		D-1			P1			V		17	  165	  488	  4311		  1911
4		6	18		5		D-1			P1			U		21	  213	  1353	  1046		  1046
4		9	18		5		B-4			P1			U		20	  201	  1305	  1094		  1094
4		12	18		5		B-1			P1			U		19	  189	  1257	  1142		  1142
4		15	18		4		D-4			P1			U		18	  177	  1209	  1190		  1190
4		18	18		4		D-1			P1			U		17	  165	  1161	  1238		  1238
4		6	19		5		D-1			P1			V		21	  213	  681	  4118		  1718
4		9	19		5		B-4			P1			V		20	  201	  633	  4166		  1766
4		12	19		5		B-1			P1			V		19	  189	  585	  4214		  1814
4		15	19		4		D-4			P1			V		18	  177	  537	  4262		  1862
4		18	19		4		D-1			P1			V		17	  165	  489	  4310		  1910
4		6	20		5		D-1			P1			U		21	  213	  1354	  1045		  1045
4		9	20		5		B-4			P1			U		20	  201	  1306	  1093		  1093
4		12	20		5		B-1			P1			U		19	  189	  1258	  1141		  1141
4		15	20		4		D-4			P1			U		18	  177	  1210	  1189		  1189
4		18	20		4		D-1			P1			U		17	  165	  1162	  1237		  1237
4		6	21		5		D-1			P1			V		21	  213	  682	  4117		  1717
4		9	21		5		B-4			P1			V		20	  201	  634	  4165		  1765
4		12	21		5		B-1			P1			V		19	  189	  586	  4213		  1813
4		15	21		4		D-4			P1			V		18	  177	  538	  4261		  1861
4		18	21		4		D-1			P1			V		17	  165	  490	  4309		  1909
4		6	22		5		D-1			P1			U		21	  213	  1355	  1044		  1044
4		9	22		5		B-4			P1			U		20	  201	  1307	  1092		  1092
4		12	22		5		B-1			P1			U		19	  189	  1259	  1140		  1140
4		15	22		4		D-4			P1			U		18	  177	  1211	  1188		  1188
4		18	22		4		D-1			P1			U		17	  165	  1163	  1236		  1236
4		6	23		5		D-1			P1			V		21	  213	  683	  4116		  1716
4		9	23		5		B-4			P1			V		20	  201	  635	  4164		  1764
4		12	23		5		B-1			P1			V		19	  189	  587	  4212		  1812
4		15	23		4		D-4			P1			V		18	  177	  539	  4260		  1860
4		18	23		4		D-1			P1			V		17	  165	  491	  4308		  1908
4		6	24		5		D-1			P1			U		21	  213	  1356	  1043		  1043
4		9	24		5		B-4			P1			U		20	  201	  1308	  1091		  1091
4		12	24		5		B-1			P1			U		19	  189	  1260	  1139		  1139
4		15	24		4		D-4			P1			U		18	  177	  1212	  1187		  1187
4		18	24		4		D-1			P1			U		17	  165	  1164	  1235		  1235
4		6	25		5		D-1			P1			V		21	  213	  684	  4115		  1715
4		9	25		5		B-4			P1			V		20	  201	  636	  4163		  1763
4		12	25		5		B-1			P1			V		19	  189	  588	  4211		  1811
4		15	25		4		D-4			P1			V		18	  177	  540	  4259		  1859
4		18	25		4		D-1			P1			V		17	  165	  492	  4307		  1907
4		6	26		5		D-1			P1			U		21	  213	  1357	  1042		  1042
4		9	26		5		B-4			P1			U		20	  201	  1309	  1090		  1090
4		12	26		5		B-1			P1			U		19	  189	  1261	  1138		  1138
4		15	26		4		D-4			P1			U		18	  177	  1213	  1186		  1186
4		18	26		4		D-1			P1			U		17	  165	  1165	  1234		  1234
4		6	27		5		D-1			P1			V		21	  213	  685	  4114		  1714
4		9	27		5		B-4			P1			V		20	  201	  637	  4162		  1762
4		12	27		5		B-1			P1			V		19	  189	  589	  4210		  1810
4		15	27		4		D-4			P1			V		18	  177	  541	  4258		  1858
4		18	27		4		D-1			P1			V		17	  165	  493	  4306		  1906
4		6	28		5		D-1			P1			U		21	  213	  1358	  1041		  1041
4		9	28		5		B-4			P1			U		20	  201	  1310	  1089		  1089
4		12	28		5		B-1			P1			U		19	  189	  1262	  1137		  1137
4		15	28		4		D-4			P1			U		18	  177	  1214	  1185		  1185
4		18	28		4		D-1			P1			U		17	  165	  1166	  1233		  1233
4		6	29		5		D-1			P1			V		21	  213	  686	  4113		  1713
4		9	29		5		B-4			P1			V		20	  201	  638	  4161		  1761
4		12	29		5		B-1			P1			V		19	  189	  590	  4209		  1809
4		15	29		4		D-4			P1			V		18	  177	  542	  4257		  1857
4		18	29		4		D-1			P1			V		17	  165	  494	  4305		  1905
4		6	30		5		D-1			P1			U		21	  213	  1359	  1040		  1040
4		9	30		5		B-4			P1			U		20	  201	  1311	  1088		  1088
4		12	30		5		B-1			P1			U		19	  189	  1263	  1136		  1136
4		15	30		4		D-4			P1			U		18	  177	  1215	  1184		  1184
4		18	30		4		D-1			P1			U		17	  165	  1167	  1232		  1232
4		6	31		5		D-1			P1			V		21	  213	  687	  4112		  1712
4		9	31		5		B-4			P1			V		20	  201	  639	  4160		  1760
4		12	31		5		B-1			P1			V		19	  189	  591	  4208		  1808
4		15	31		4		D-4			P1			V		18	  177	  543	  4256		  1856
4		18	31		4		D-1			P1			V		17	  165	  495	  4304		  1904
4		6	0		5		D-1			P1			U		21	  212	  1344	  1055		  1055
4		9	0		5		B-4			P1			U		20	  200	  1296	  1103		  1103
4		12	0		5		B-1			P1			U		19	  188	  1248	  1151		  1151
4		15	0		4		D-4			P1			U		18	  176	  1200	  1199		  1199
4		18	0		4		D-1			P1			U		17	  164	  1152	  1247		  1247
4		6	1		5		D-1			P1			V		21	  212	  672	  4127		  1727
4		9	1		5		B-4			P1			V		20	  200	  624	  4175		  1775
4		12	1		5		B-1			P1			V		19	  188	  576	  4223		  1823
4		15	1		4		D-4			P1			V		18	  176	  528	  4271		  1871
4		18	1		4		D-1			P1			V		17	  164	  480	  4319		  1919
4		6	2		5		D-1			P1			U		21	  212	  1345	  1054		  1054
4		9	2		5		B-4			P1			U		20	  200	  1297	  1102		  1102
4		12	2		5		B-1			P1			U		19	  188	  1249	  1150		  1150
4		15	2		4		D-4			P1			U		18	  176	  1201	  1198		  1198
4		18	2		4		D-1			P1			U		17	  164	  1153	  1246		  1246
4		6	3		5		D-1			P1			V		21	  212	  673	  4126		  1726
4		9	3		5		B-4			P1			V		20	  200	  625	  4174		  1774
4		12	3		5		B-1			P1			V		19	  188	  577	  4222		  1822
4		15	3		4		D-4			P1			V		18	  176	  529	  4270		  1870
4		18	3		4		D-1			P1			V		17	  164	  481	  4318		  1918
4		6	4		5		D-1			P1			U		21	  212	  1346	  1053		  1053
4		9	4		5		B-4			P1			U		20	  200	  1298	  1101		  1101
4		12	4		5		B-1			P1			U		19	  188	  1250	  1149		  1149
4		15	4		4		D-4			P1			U		18	  176	  1202	  1197		  1197
4		18	4		4		D-1			P1			U		17	  164	  1154	  1245		  1245
4		6	5		5		D-1			P1			V		21	  212	  674	  4125		  1725
4		9	5		5		B-4			P1			V		20	  200	  626	  4173		  1773
4		12	5		5		B-1			P1			V		19	  188	  578	  4221		  1821
4		15	5		4		D-4			P1			V		18	  176	  530	  4269		  1869
4		18	5		4		D-1			P1			V		17	  164	  482	  4317		  1917
4		6	6		5		D-1			P1			U		21	  212	  1347	  1052		  1052
4		9	6		5		B-4			P1			U		20	  200	  1299	  1100		  1100
4		12	6		5		B-1			P1			U		19	  188	  1251	  1148		  1148
4		15	6		4		D-4			P1			U		18	  176	  1203	  1196		  1196
4		18	6		4		D-1			P1			U		17	  164	  1155	  1244		  1244
4		6	7		5		D-1			P1			V		21	  212	  675	  4124		  1724
4		9	7		5		B-4			P1			V		20	  200	  627	  4172		  1772
4		12	7		5		B-1			P1			V		19	  188	  579	  4220		  1820
4		15	7		4		D-4			P1			V		18	  176	  531	  4268		  1868
4		18	7		4		D-1			P1			V		17	  164	  483	  4316		  1916
4		6	8		5		D-1			P1			U		21	  212	  1348	  1051		  1051
4		9	8		5		B-4			P1			U		20	  200	  1300	  1099		  1099
4		12	8		5		B-1			P1			U		19	  188	  1252	  1147		  1147
4		15	8		4		D-4			P1			U		18	  176	  1204	  1195		  1195
4		18	8		4		D-1			P1			U		17	  164	  1156	  1243		  1243
4		6	9		5		D-1			P1			V		21	  212	  676	  4123		  1723
4		9	9		5		B-4			P1			V		20	  200	  628	  4171		  1771
4		12	9		5		B-1			P1			V		19	  188	  580	  4219		  1819
4		15	9		4		D-4			P1			V		18	  176	  532	  4267		  1867
4		18	9		4		D-1			P1			V		17	  164	  484	  4315		  1915
4		6	10		5		D-1			P1			U		21	  212	  1349	  1050		  1050
4		9	10		5		B-4			P1			U		20	  200	  1301	  1098		  1098
4		12	10		5		B-1			P1			U		19	  188	  1253	  1146		  1146
4		15	10		4		D-4			P1			U		18	  176	  1205	  1194		  1194
4		18	10		4		D-1			P1			U		17	  164	  1157	  1242		  1242
4		6	11		5		D-1			P1			V		21	  212	  677	  4122		  1722
4		9	11		5		B-4			P1			V		20	  200	  629	  4170		  1770
4		12	11		5		B-1			P1			V		19	  188	  581	  4218		  1818
4		15	11		4		D-4			P1			V		18	  176	  533	  4266		  1866
4		18	11		4		D-1			P1			V		17	  164	  485	  4314		  1914
4		6	12		5		D-1			P1			U		21	  212	  1350	  1049		  1049
4		9	12		5		B-4			P1			U		20	  200	  1302	  1097		  1097
4		12	12		5		B-1			P1			U		19	  188	  1254	  1145		  1145
4		15	12		4		D-4			P1			U		18	  176	  1206	  1193		  1193
4		18	12		4		D-1			P1			U		17	  164	  1158	  1241		  1241
4		6	13		5		D-1			P1			V		21	  212	  678	  4121		  1721
4		9	13		5		B-4			P1			V		20	  200	  630	  4169		  1769
4		12	13		5		B-1			P1			V		19	  188	  582	  4217		  1817
4		15	13		4		D-4			P1			V		18	  176	  534	  4265		  1865
4		18	13		4		D-1			P1			V		17	  164	  486	  4313		  1913
4		6	14		5		D-1			P1			U		21	  212	  1351	  1048		  1048
4		9	14		5		B-4			P1			U		20	  200	  1303	  1096		  1096
4		12	14		5		B-1			P1			U		19	  188	  1255	  1144		  1144
4		15	14		4		D-4			P1			U		18	  176	  1207	  1192		  1192
4		18	14		4		D-1			P1			U		17	  164	  1159	  1240		  1240
4		6	15		5		D-1			P1			V		21	  212	  679	  4120		  1720
4		9	15		5		B-4			P1			V		20	  200	  631	  4168		  1768
4		12	15		5		B-1			P1			V		19	  188	  583	  4216		  1816
4		15	15		4		D-4			P1			V		18	  176	  535	  4264		  1864
4		18	15		4		D-1			P1			V		17	  164	  487	  4312		  1912
4		5	32		5		C-2			P2			Y		21	  214	  1376	  6879		  2079
4		8	32		5		A-5			P2			Y		20	  202	  1280	  6975		  2175
4		11	32		5		A-2			P2			Y		19	  190	  1184	  7071		  2271
4		14	32		4		C-5			P2			Y		18	  178	  1088	  7167		  2367
4		17	32		4		C-2			P2			Y		17	  166	  992	  7263		  2463
4		5	33		5		C-2			P2			Y		21	  214	  1377	  6878		  2078
4		8	33		5		A-5			P2			Y		20	  202	  1281	  6974		  2174
4		11	33		5		A-2			P2			Y		19	  190	  1185	  7070		  2270
4		14	33		4		C-5			P2			Y		18	  178	  1089	  7166		  2366
4		17	33		4		C-2			P2			Y		17	  166	  993	  7262		  2462
4		5	34		5		C-2			P2			Y		21	  214	  1378	  6877		  2077
4		8	34		5		A-5			P2			Y		20	  202	  1282	  6973		  2173
4		11	34		5		A-2			P2			Y		19	  190	  1186	  7069		  2269
4		14	34		4		C-5			P2			Y		18	  178	  1090	  7165		  2365
4		17	34		4		C-2			P2			Y		17	  166	  994	  7261		  2461
4		5	35		5		C-2			P2			Y		21	  214	  1379	  6876		  2076
4		8	35		5		A-5			P2			Y		20	  202	  1283	  6972		  2172
4		11	35		5		A-2			P2			Y		19	  190	  1187	  7068		  2268
4		14	35		4		C-5			P2			Y		18	  178	  1091	  7164		  2364
4		17	35		4		C-2			P2			Y		17	  166	  995	  7260		  2460
4		5	36		5		C-2			P2			Y		21	  214	  1380	  6875		  2075
4		8	36		5		A-5			P2			Y		20	  202	  1284	  6971		  2171
4		11	36		5		A-2			P2			Y		19	  190	  1188	  7067		  2267
4		14	36		4		C-5			P2			Y		18	  178	  1092	  7163		  2363
4		17	36		4		C-2			P2			Y		17	  166	  996	  7259		  2459
4		5	37		5		C-2			P2			Y		21	  214	  1381	  6874		  2074
4		8	37		5		A-5			P2			Y		20	  202	  1285	  6970		  2170
4		11	37		5		A-2			P2			Y		19	  190	  1189	  7066		  2266
4		14	37		4		C-5			P2			Y		18	  178	  1093	  7162		  2362
4		17	37		4		C-2			P2			Y		17	  166	  997	  7258		  2458
4		5	38		5		C-2			P2			Y		21	  214	  1382	  6873		  2073
4		8	38		5		A-5			P2			Y		20	  202	  1286	  6969		  2169
4		11	38		5		A-2			P2			Y		19	  190	  1190	  7065		  2265
4		14	38		4		C-5			P2			Y		18	  178	  1094	  7161		  2361
4		17	38		4		C-2			P2			Y		17	  166	  998	  7257		  2457
4		5	39		5		C-2			P2			Y		21	  214	  1383	  6872		  2072
4		8	39		5		A-5			P2			Y		20	  202	  1287	  6968		  2168
4		11	39		5		A-2			P2			Y		19	  190	  1191	  7064		  2264
4		14	39		4		C-5			P2			Y		18	  178	  1095	  7160		  2360
4		17	39		4		C-2			P2			Y		17	  166	  999	  7256		  2456
4		5	40		5		C-2			P2			Y		21	  214	  1384	  6871		  2071
4		8	40		5		A-5			P2			Y		20	  202	  1288	  6967		  2167
4		11	40		5		A-2			P2			Y		19	  190	  1192	  7063		  2263
4		14	40		4		C-5			P2			Y		18	  178	  1096	  7159		  2359
4		17	40		4		C-2			P2			Y		17	  166	  1000	  7255		  2455
4		5	41		5		C-2			P2			Y		21	  214	  1385	  6870		  2070
4		8	41		5		A-5			P2			Y		20	  202	  1289	  6966		  2166
4		11	41		5		A-2			P2			Y		19	  190	  1193	  7062		  2262
4		14	41		4		C-5			P2			Y		18	  178	  1097	  7158		  2358
4		17	41		4		C-2			P2			Y		17	  166	  1001	  7254		  2454
4		5	42		5		C-2			P2			Y		21	  214	  1386	  6869		  2069
4		8	42		5		A-5			P2			Y		20	  202	  1290	  6965		  2165
4		11	42		5		A-2			P2			Y		19	  190	  1194	  7061		  2261
4		14	42		4		C-5			P2			Y		18	  178	  1098	  7157		  2357
4		17	42		4		C-2			P2			Y		17	  166	  1002	  7253		  2453
4		5	43		5		C-2			P2			Y		21	  214	  1387	  6868		  2068
4		8	43		5		A-5			P2			Y		20	  202	  1291	  6964		  2164
4		11	43		5		A-2			P2			Y		19	  190	  1195	  7060		  2260
4		14	43		4		C-5			P2			Y		18	  178	  1099	  7156		  2356
4		17	43		4		C-2			P2			Y		17	  166	  1003	  7252		  2452
4		5	44		5		C-2			P2			Y		21	  214	  1388	  6867		  2067
4		8	44		5		A-5			P2			Y		20	  202	  1292	  6963		  2163
4		11	44		5		A-2			P2			Y		19	  190	  1196	  7059		  2259
4		14	44		4		C-5			P2			Y		18	  178	  1100	  7155		  2355
4		17	44		4		C-2			P2			Y		17	  166	  1004	  7251		  2451
4		5	45		5		C-2			P2			Y		21	  214	  1389	  6866		  2066
4		8	45		5		A-5			P2			Y		20	  202	  1293	  6962		  2162
4		11	45		5		A-2			P2			Y		19	  190	  1197	  7058		  2258
4		14	45		4		C-5			P2			Y		18	  178	  1101	  7154		  2354
4		17	45		4		C-2			P2			Y		17	  166	  1005	  7250		  2450
4		5	46		5		C-2			P2			Y		21	  214	  1390	  6865		  2065
4		8	46		5		A-5			P2			Y		20	  202	  1294	  6961		  2161
4		11	46		5		A-2			P2			Y		19	  190	  1198	  7057		  2257
4		14	46		4		C-5			P2			Y		18	  178	  1102	  7153		  2353
4		17	46		4		C-2			P2			Y		17	  166	  1006	  7249		  2449
4		5	47		5		C-2			P2			Y		21	  214	  1391	  6864		  2064
4		8	47		5		A-5			P2			Y		20	  202	  1295	  6960		  2160
4		11	47		5		A-2			P2			Y		19	  190	  1199	  7056		  2256
4		14	47		4		C-5			P2			Y		18	  178	  1103	  7152		  2352
4		17	47		4		C-2			P2			Y		17	  166	  1007	  7248		  2448
4		5	48		5		C-2			P2			Y		21	  215	  1392	  6863		  2063
4		8	48		5		A-5			P2			Y		20	  203	  1296	  6959		  2159
4		11	48		5		A-2			P2			Y		19	  191	  1200	  7055		  2255
4		14	48		4		C-5			P2			Y		18	  179	  1104	  7151		  2351
4		17	48		4		C-2			P2			Y		17	  167	  1008	  7247		  2447
4		5	49		5		C-2			P2			Y		21	  215	  1393	  6862		  2062
4		8	49		5		A-5			P2			Y		20	  203	  1297	  6958		  2158
4		11	49		5		A-2			P2			Y		19	  191	  1201	  7054		  2254
4		14	49		4		C-5			P2			Y		18	  179	  1105	  7150		  2350
4		17	49		4		C-2			P2			Y		17	  167	  1009	  7246		  2446
4		5	50		5		C-2			P2			Y		21	  215	  1394	  6861		  2061
4		8	50		5		A-5			P2			Y		20	  203	  1298	  6957		  2157
4		11	50		5		A-2			P2			Y		19	  191	  1202	  7053		  2253
4		14	50		4		C-5			P2			Y		18	  179	  1106	  7149		  2349
4		17	50		4		C-2			P2			Y		17	  167	  1010	  7245		  2445
4		5	51		5		C-2			P2			Y		21	  215	  1395	  6860		  2060
4		8	51		5		A-5			P2			Y		20	  203	  1299	  6956		  2156
4		11	51		5		A-2			P2			Y		19	  191	  1203	  7052		  2252
4		14	51		4		C-5			P2			Y		18	  179	  1107	  7148		  2348
4		17	51		4		C-2			P2			Y		17	  167	  1011	  7244		  2444
4		5	52		5		C-2			P2			Y		21	  215	  1396	  6859		  2059
4		8	52		5		A-5			P2			Y		20	  203	  1300	  6955		  2155
4		11	52		5		A-2			P2			Y		19	  191	  1204	  7051		  2251
4		14	52		4		C-5			P2			Y		18	  179	  1108	  7147		  2347
4		17	52		4		C-2			P2			Y		17	  167	  1012	  7243		  2443
4		5	53		5		C-2			P2			Y		21	  215	  1397	  6858		  2058
4		8	53		5		A-5			P2			Y		20	  203	  1301	  6954		  2154
4		11	53		5		A-2			P2			Y		19	  191	  1205	  7050		  2250
4		14	53		4		C-5			P2			Y		18	  179	  1109	  7146		  2346
4		17	53		4		C-2			P2			Y		17	  167	  1013	  7242		  2442
4		5	54		5		C-2			P2			Y		21	  215	  1398	  6857		  2057
4		8	54		5		A-5			P2			Y		20	  203	  1302	  6953		  2153
4		11	54		5		A-2			P2			Y		19	  191	  1206	  7049		  2249
4		14	54		4		C-5			P2			Y		18	  179	  1110	  7145		  2345
4		17	54		4		C-2			P2			Y		17	  167	  1014	  7241		  2441
4		5	55		5		C-2			P2			Y		21	  215	  1399	  6856		  2056
4		8	55		5		A-5			P2			Y		20	  203	  1303	  6952		  2152
4		11	55		5		A-2			P2			Y		19	  191	  1207	  7048		  2248
4		14	55		4		C-5			P2			Y		18	  179	  1111	  7144		  2344
4		17	55		4		C-2			P2			Y		17	  167	  1015	  7240		  2440
4		5	56		5		C-2			P2			Y		21	  215	  1400	  6855		  2055
4		8	56		5		A-5			P2			Y		20	  203	  1304	  6951		  2151
4		11	56		5		A-2			P2			Y		19	  191	  1208	  7047		  2247
4		14	56		4		C-5			P2			Y		18	  179	  1112	  7143		  2343
4		17	56		4		C-2			P2			Y		17	  167	  1016	  7239		  2439
4		5	57		5		C-2			P2			Y		21	  215	  1401	  6854		  2054
4		8	57		5		A-5			P2			Y		20	  203	  1305	  6950		  2150
4		11	57		5		A-2			P2			Y		19	  191	  1209	  7046		  2246
4		14	57		4		C-5			P2			Y		18	  179	  1113	  7142		  2342
4		17	57		4		C-2			P2			Y		17	  167	  1017	  7238		  2438
4		5	58		5		C-2			P2			Y		21	  215	  1402	  6853		  2053
4		8	58		5		A-5			P2			Y		20	  203	  1306	  6949		  2149
4		11	58		5		A-2			P2			Y		19	  191	  1210	  7045		  2245
4		14	58		4		C-5			P2			Y		18	  179	  1114	  7141		  2341
4		17	58		4		C-2			P2			Y		17	  167	  1018	  7237		  2437
4		5	59		5		C-2			P2			Y		21	  215	  1403	  6852		  2052
4		8	59		5		A-5			P2			Y		20	  203	  1307	  6948		  2148
4		11	59		5		A-2			P2			Y		19	  191	  1211	  7044		  2244
4		14	59		4		C-5			P2			Y		18	  179	  1115	  7140		  2340
4		17	59		4		C-2			P2			Y		17	  167	  1019	  7236		  2436
4		5	60		5		C-2			P2			Y		21	  215	  1404	  6851		  2051
4		8	60		5		A-5			P2			Y		20	  203	  1308	  6947		  2147
4		11	60		5		A-2			P2			Y		19	  191	  1212	  7043		  2243
4		14	60		4		C-5			P2			Y		18	  179	  1116	  7139		  2339
4		17	60		4		C-2			P2			Y		17	  167	  1020	  7235		  2435
4		5	61		5		C-2			P2			Y		21	  215	  1405	  6850		  2050
4		8	61		5		A-5			P2			Y		20	  203	  1309	  6946		  2146
4		11	61		5		A-2			P2			Y		19	  191	  1213	  7042		  2242
4		14	61		4		C-5			P2			Y		18	  179	  1117	  7138		  2338
4		17	61		4		C-2			P2			Y		17	  167	  1021	  7234		  2434
4		5	62		5		C-2			P2			Y		21	  215	  1406	  6849		  2049
4		8	62		5		A-5			P2			Y		20	  203	  1310	  6945		  2145
4		11	62		5		A-2			P2			Y		19	  191	  1214	  7041		  2241
4		14	62		4		C-5			P2			Y		18	  179	  1118	  7137		  2337
4		17	62		4		C-2			P2			Y		17	  167	  1022	  7233		  2433
4		5	63		5		C-2			P2			Y		21	  215	  1407	  6848		  2048
4		8	63		5		A-5			P2			Y		20	  203	  1311	  6944		  2144
4		11	63		5		A-2			P2			Y		19	  191	  1215	  7040		  2240
4		14	63		4		C-5			P2			Y		18	  179	  1119	  7136		  2336
4		17	63		4		C-2			P2			Y		17	  167	  1023	  7232		  2432
4		5	16		5		D-2			P1			U		21	  217	  1368	  1031		  1031
4		8	16		5		B-5			P1			U		20	  205	  1320	  1079		  1079
4		11	16		5		B-2			P1			U		19	  193	  1272	  1127		  1127
4		14	16		4		D-5			P1			U		18	  181	  1224	  1175		  1175
4		17	16		4		D-2			P1			U		17	  169	  1176	  1223		  1223
4		5	17		5		D-2			P1			V		21	  217	  696	  4103		  1703
4		8	17		5		B-5			P1			V		20	  205	  648	  4151		  1751
4		11	17		5		B-2			P1			V		19	  193	  600	  4199		  1799
4		14	17		4		D-5			P1			V		18	  181	  552	  4247		  1847
4		17	17		4		D-2			P1			V		17	  169	  504	  4295		  1895
4		5	18		5		D-2			P1			U		21	  217	  1369	  1030		  1030
4		8	18		5		B-5			P1			U		20	  205	  1321	  1078		  1078
4		11	18		5		B-2			P1			U		19	  193	  1273	  1126		  1126
4		14	18		4		D-5			P1			U		18	  181	  1225	  1174		  1174
4		17	18		4		D-2			P1			U		17	  169	  1177	  1222		  1222
4		5	19		5		D-2			P1			V		21	  217	  697	  4102		  1702
4		8	19		5		B-5			P1			V		20	  205	  649	  4150		  1750
4		11	19		5		B-2			P1			V		19	  193	  601	  4198		  1798
4		14	19		4		D-5			P1			V		18	  181	  553	  4246		  1846
4		17	19		4		D-2			P1			V		17	  169	  505	  4294		  1894
4		5	20		5		D-2			P1			U		21	  217	  1370	  1029		  1029
4		8	20		5		B-5			P1			U		20	  205	  1322	  1077		  1077
4		11	20		5		B-2			P1			U		19	  193	  1274	  1125		  1125
4		14	20		4		D-5			P1			U		18	  181	  1226	  1173		  1173
4		17	20		4		D-2			P1			U		17	  169	  1178	  1221		  1221
4		5	21		5		D-2			P1			V		21	  217	  698	  4101		  1701
4		8	21		5		B-5			P1			V		20	  205	  650	  4149		  1749
4		11	21		5		B-2			P1			V		19	  193	  602	  4197		  1797
4		14	21		4		D-5			P1			V		18	  181	  554	  4245		  1845
4		17	21		4		D-2			P1			V		17	  169	  506	  4293		  1893
4		5	22		5		D-2			P1			U		21	  217	  1371	  1028		  1028
4		8	22		5		B-5			P1			U		20	  205	  1323	  1076		  1076
4		11	22		5		B-2			P1			U		19	  193	  1275	  1124		  1124
4		14	22		4		D-5			P1			U		18	  181	  1227	  1172		  1172
4		17	22		4		D-2			P1			U		17	  169	  1179	  1220		  1220
4		5	23		5		D-2			P1			V		21	  217	  699	  4100		  1700
4		8	23		5		B-5			P1			V		20	  205	  651	  4148		  1748
4		11	23		5		B-2			P1			V		19	  193	  603	  4196		  1796
4		14	23		4		D-5			P1			V		18	  181	  555	  4244		  1844
4		17	23		4		D-2			P1			V		17	  169	  507	  4292		  1892
4		5	24		5		D-2			P1			U		21	  217	  1372	  1027		  1027
4		8	24		5		B-5			P1			U		20	  205	  1324	  1075		  1075
4		11	24		5		B-2			P1			U		19	  193	  1276	  1123		  1123
4		14	24		4		D-5			P1			U		18	  181	  1228	  1171		  1171
4		17	24		4		D-2			P1			U		17	  169	  1180	  1219		  1219
4		5	25		5		D-2			P1			V		21	  217	  700	  4099		  1699
4		8	25		5		B-5			P1			V		20	  205	  652	  4147		  1747
4		11	25		5		B-2			P1			V		19	  193	  604	  4195		  1795
4		14	25		4		D-5			P1			V		18	  181	  556	  4243		  1843
4		17	25		4		D-2			P1			V		17	  169	  508	  4291		  1891
4		5	26		5		D-2			P1			U		21	  217	  1373	  1026		  1026
4		8	26		5		B-5			P1			U		20	  205	  1325	  1074		  1074
4		11	26		5		B-2			P1			U		19	  193	  1277	  1122		  1122
4		14	26		4		D-5			P1			U		18	  181	  1229	  1170		  1170
4		17	26		4		D-2			P1			U		17	  169	  1181	  1218		  1218
4		5	27		5		D-2			P1			V		21	  217	  701	  4098		  1698
4		8	27		5		B-5			P1			V		20	  205	  653	  4146		  1746
4		11	27		5		B-2			P1			V		19	  193	  605	  4194		  1794
4		14	27		4		D-5			P1			V		18	  181	  557	  4242		  1842
4		17	27		4		D-2			P1			V		17	  169	  509	  4290		  1890
4		5	28		5		D-2			P1			U		21	  217	  1374	  1025		  1025
4		8	28		5		B-5			P1			U		20	  205	  1326	  1073		  1073
4		11	28		5		B-2			P1			U		19	  193	  1278	  1121		  1121
4		14	28		4		D-5			P1			U		18	  181	  1230	  1169		  1169
4		17	28		4		D-2			P1			U		17	  169	  1182	  1217		  1217
4		5	29		5		D-2			P1			V		21	  217	  702	  4097		  1697
4		8	29		5		B-5			P1			V		20	  205	  654	  4145		  1745
4		11	29		5		B-2			P1			V		19	  193	  606	  4193		  1793
4		14	29		4		D-5			P1			V		18	  181	  558	  4241		  1841
4		17	29		4		D-2			P1			V		17	  169	  510	  4289		  1889
4		5	30		5		D-2			P1			U		21	  217	  1375	  1024		  1024
4		8	30		5		B-5			P1			U		20	  205	  1327	  1072		  1072
4		11	30		5		B-2			P1			U		19	  193	  1279	  1120		  1120
4		14	30		4		D-5			P1			U		18	  181	  1231	  1168		  1168
4		17	30		4		D-2			P1			U		17	  169	  1183	  1216		  1216
4		5	31		5		D-2			P1			V		21	  217	  703	  4096		  1696
4		8	31		5		B-5			P1			V		20	  205	  655	  4144		  1744
4		11	31		5		B-2			P1			V		19	  193	  607	  4192		  1792
4		14	31		4		D-5			P1			V		18	  181	  559	  4240		  1840
4		17	31		4		D-2			P1			V		17	  169	  511	  4288		  1888
4		5	0		5		D-2			P1			U		21	  216	  1360	  1039		  1039
4		8	0		5		B-5			P1			U		20	  204	  1312	  1087		  1087
4		11	0		5		B-2			P1			U		19	  192	  1264	  1135		  1135
4		14	0		4		D-5			P1			U		18	  180	  1216	  1183		  1183
4		17	0		4		D-2			P1			U		17	  168	  1168	  1231		  1231
4		5	1		5		D-2			P1			V		21	  216	  688	  4111		  1711
4		8	1		5		B-5			P1			V		20	  204	  640	  4159		  1759
4		11	1		5		B-2			P1			V		19	  192	  592	  4207		  1807
4		14	1		4		D-5			P1			V		18	  180	  544	  4255		  1855
4		17	1		4		D-2			P1			V		17	  168	  496	  4303		  1903
4		5	2		5		D-2			P1			U		21	  216	  1361	  1038		  1038
4		8	2		5		B-5			P1			U		20	  204	  1313	  1086		  1086
4		11	2		5		B-2			P1			U		19	  192	  1265	  1134		  1134
4		14	2		4		D-5			P1			U		18	  180	  1217	  1182		  1182
4		17	2		4		D-2			P1			U		17	  168	  1169	  1230		  1230
4		5	3		5		D-2			P1			V		21	  216	  689	  4110		  1710
4		8	3		5		B-5			P1			V		20	  204	  641	  4158		  1758
4		11	3		5		B-2			P1			V		19	  192	  593	  4206		  1806
4		14	3		4		D-5			P1			V		18	  180	  545	  4254		  1854
4		17	3		4		D-2			P1			V		17	  168	  497	  4302		  1902
4		5	4		5		D-2			P1			U		21	  216	  1362	  1037		  1037
4		8	4		5		B-5			P1			U		20	  204	  1314	  1085		  1085
4		11	4		5		B-2			P1			U		19	  192	  1266	  1133		  1133
4		14	4		4		D-5			P1			U		18	  180	  1218	  1181		  1181
4		17	4		4		D-2			P1			U		17	  168	  1170	  1229		  1229
4		5	5		5		D-2			P1			V		21	  216	  690	  4109		  1709
4		8	5		5		B-5			P1			V		20	  204	  642	  4157		  1757
4		11	5		5		B-2			P1			V		19	  192	  594	  4205		  1805
4		14	5		4		D-5			P1			V		18	  180	  546	  4253		  1853
4		17	5		4		D-2			P1			V		17	  168	  498	  4301		  1901
4		5	6		5		D-2			P1			U		21	  216	  1363	  1036		  1036
4		8	6		5		B-5			P1			U		20	  204	  1315	  1084		  1084
4		11	6		5		B-2			P1			U		19	  192	  1267	  1132		  1132
4		14	6		4		D-5			P1			U		18	  180	  1219	  1180		  1180
4		17	6		4		D-2			P1			U		17	  168	  1171	  1228		  1228
4		5	7		5		D-2			P1			V		21	  216	  691	  4108		  1708
4		8	7		5		B-5			P1			V		20	  204	  643	  4156		  1756
4		11	7		5		B-2			P1			V		19	  192	  595	  4204		  1804
4		14	7		4		D-5			P1			V		18	  180	  547	  4252		  1852
4		17	7		4		D-2			P1			V		17	  168	  499	  4300		  1900
4		5	8		5		D-2			P1			U		21	  216	  1364	  1035		  1035
4		8	8		5		B-5			P1			U		20	  204	  1316	  1083		  1083
4		11	8		5		B-2			P1			U		19	  192	  1268	  1131		  1131
4		14	8		4		D-5			P1			U		18	  180	  1220	  1179		  1179
4		17	8		4		D-2			P1			U		17	  168	  1172	  1227		  1227
4		5	9		5		D-2			P1			V		21	  216	  692	  4107		  1707
4		8	9		5		B-5			P1			V		20	  204	  644	  4155		  1755
4		11	9		5		B-2			P1			V		19	  192	  596	  4203		  1803
4		14	9		4		D-5			P1			V		18	  180	  548	  4251		  1851
4		17	9		4		D-2			P1			V		17	  168	  500	  4299		  1899
4		5	10		5		D-2			P1			U		21	  216	  1365	  1034		  1034
4		8	10		5		B-5			P1			U		20	  204	  1317	  1082		  1082
4		11	10		5		B-2			P1			U		19	  192	  1269	  1130		  1130
4		14	10		4		D-5			P1			U		18	  180	  1221	  1178		  1178
4		17	10		4		D-2			P1			U		17	  168	  1173	  1226		  1226
4		5	11		5		D-2			P1			V		21	  216	  693	  4106		  1706
4		8	11		5		B-5			P1			V		20	  204	  645	  4154		  1754
4		11	11		5		B-2			P1			V		19	  192	  597	  4202		  1802
4		14	11		4		D-5			P1			V		18	  180	  549	  4250		  1850
4		17	11		4		D-2			P1			V		17	  168	  501	  4298		  1898
4		5	12		5		D-2			P1			U		21	  216	  1366	  1033		  1033
4		8	12		5		B-5			P1			U		20	  204	  1318	  1081		  1081
4		11	12		5		B-2			P1			U		19	  192	  1270	  1129		  1129
4		14	12		4		D-5			P1			U		18	  180	  1222	  1177		  1177
4		17	12		4		D-2			P1			U		17	  168	  1174	  1225		  1225
4		5	13		5		D-2			P1			V		21	  216	  694	  4105		  1705
4		8	13		5		B-5			P1			V		20	  204	  646	  4153		  1753
4		11	13		5		B-2			P1			V		19	  192	  598	  4201		  1801
4		14	13		4		D-5			P1			V		18	  180	  550	  4249		  1849
4		17	13		4		D-2			P1			V		17	  168	  502	  4297		  1897
4		5	14		5		D-2			P1			U		21	  216	  1367	  1032		  1032
4		8	14		5		B-5			P1			U		20	  204	  1319	  1080		  1080
4		11	14		5		B-2			P1			U		19	  192	  1271	  1128		  1128
4		14	14		4		D-5			P1			U		18	  180	  1223	  1176		  1176
4		17	14		4		D-2			P1			U		17	  168	  1175	  1224		  1224
4		5	15		5		D-2			P1			V		21	  216	  695	  4104		  1704
4		8	15		5		B-5			P1			V		20	  204	  647	  4152		  1752
4		11	15		5		B-2			P1			V		19	  192	  599	  4200		  1800
4		14	15		4		D-5			P1			V		18	  180	  551	  4248		  1848
4		17	15		4		D-2			P1			V		17	  168	  503	  4296		  1896
4		4	32		5		C-3			P2			Y		21	  218	  1408	  6847		  2047
4		7	32		5		A-6			P2			Y		20	  206	  1312	  6943		  2143
4		10	32		5		A-3			P2			Y		19	  194	  1216	  7039		  2239
4		13	32		4		C-6			P2			Y		18	  182	  1120	  7135		  2335
4		16	32		4		C-3			P2			Y		17	  170	  1024	  7231		  2431
4		4	33		5		C-3			P2			Y		21	  218	  1409	  6846		  2046
4		7	33		5		A-6			P2			Y		20	  206	  1313	  6942		  2142
4		10	33		5		A-3			P2			Y		19	  194	  1217	  7038		  2238
4		13	33		4		C-6			P2			Y		18	  182	  1121	  7134		  2334
4		16	33		4		C-3			P2			Y		17	  170	  1025	  7230		  2430
4		4	34		5		C-3			P2			Y		21	  218	  1410	  6845		  2045
4		7	34		5		A-6			P2			Y		20	  206	  1314	  6941		  2141
4		10	34		5		A-3			P2			Y		19	  194	  1218	  7037		  2237
4		13	34		4		C-6			P2			Y		18	  182	  1122	  7133		  2333
4		16	34		4		C-3			P2			Y		17	  170	  1026	  7229		  2429
4		4	35		5		C-3			P2			Y		21	  218	  1411	  6844		  2044
4		7	35		5		A-6			P2			Y		20	  206	  1315	  6940		  2140
4		10	35		5		A-3			P2			Y		19	  194	  1219	  7036		  2236
4		13	35		4		C-6			P2			Y		18	  182	  1123	  7132		  2332
4		16	35		4		C-3			P2			Y		17	  170	  1027	  7228		  2428
4		4	36		5		C-3			P2			Y		21	  218	  1412	  6843		  2043
4		7	36		5		A-6			P2			Y		20	  206	  1316	  6939		  2139
4		10	36		5		A-3			P2			Y		19	  194	  1220	  7035		  2235
4		13	36		4		C-6			P2			Y		18	  182	  1124	  7131		  2331
4		16	36		4		C-3			P2			Y		17	  170	  1028	  7227		  2427
4		4	37		5		C-3			P2			Y		21	  218	  1413	  6842		  2042
4		7	37		5		A-6			P2			Y		20	  206	  1317	  6938		  2138
4		10	37		5		A-3			P2			Y		19	  194	  1221	  7034		  2234
4		13	37		4		C-6			P2			Y		18	  182	  1125	  7130		  2330
4		16	37		4		C-3			P2			Y		17	  170	  1029	  7226		  2426
4		4	38		5		C-3			P2			Y		21	  218	  1414	  6841		  2041
4		7	38		5		A-6			P2			Y		20	  206	  1318	  6937		  2137
4		10	38		5		A-3			P2			Y		19	  194	  1222	  7033		  2233
4		13	38		4		C-6			P2			Y		18	  182	  1126	  7129		  2329
4		16	38		4		C-3			P2			Y		17	  170	  1030	  7225		  2425
4		4	39		5		C-3			P2			Y		21	  218	  1415	  6840		  2040
4		7	39		5		A-6			P2			Y		20	  206	  1319	  6936		  2136
4		10	39		5		A-3			P2			Y		19	  194	  1223	  7032		  2232
4		13	39		4		C-6			P2			Y		18	  182	  1127	  7128		  2328
4		16	39		4		C-3			P2			Y		17	  170	  1031	  7224		  2424
4		4	40		5		C-3			P2			Y		21	  218	  1416	  6839		  2039
4		7	40		5		A-6			P2			Y		20	  206	  1320	  6935		  2135
4		10	40		5		A-3			P2			Y		19	  194	  1224	  7031		  2231
4		13	40		4		C-6			P2			Y		18	  182	  1128	  7127		  2327
4		16	40		4		C-3			P2			Y		17	  170	  1032	  7223		  2423
4		4	41		5		C-3			P2			Y		21	  218	  1417	  6838		  2038
4		7	41		5		A-6			P2			Y		20	  206	  1321	  6934		  2134
4		10	41		5		A-3			P2			Y		19	  194	  1225	  7030		  2230
4		13	41		4		C-6			P2			Y		18	  182	  1129	  7126		  2326
4		16	41		4		C-3			P2			Y		17	  170	  1033	  7222		  2422
4		4	42		5		C-3			P2			Y		21	  218	  1418	  6837		  2037
4		7	42		5		A-6			P2			Y		20	  206	  1322	  6933		  2133
4		10	42		5		A-3			P2			Y		19	  194	  1226	  7029		  2229
4		13	42		4		C-6			P2			Y		18	  182	  1130	  7125		  2325
4		16	42		4		C-3			P2			Y		17	  170	  1034	  7221		  2421
4		4	43		5		C-3			P2			Y		21	  218	  1419	  6836		  2036
4		7	43		5		A-6			P2			Y		20	  206	  1323	  6932		  2132
4		10	43		5		A-3			P2			Y		19	  194	  1227	  7028		  2228
4		13	43		4		C-6			P2			Y		18	  182	  1131	  7124		  2324
4		16	43		4		C-3			P2			Y		17	  170	  1035	  7220		  2420
4		4	44		5		C-3			P2			Y		21	  218	  1420	  6835		  2035
4		7	44		5		A-6			P2			Y		20	  206	  1324	  6931		  2131
4		10	44		5		A-3			P2			Y		19	  194	  1228	  7027		  2227
4		13	44		4		C-6			P2			Y		18	  182	  1132	  7123		  2323
4		16	44		4		C-3			P2			Y		17	  170	  1036	  7219		  2419
4		4	45		5		C-3			P2			Y		21	  218	  1421	  6834		  2034
4		7	45		5		A-6			P2			Y		20	  206	  1325	  6930		  2130
4		10	45		5		A-3			P2			Y		19	  194	  1229	  7026		  2226
4		13	45		4		C-6			P2			Y		18	  182	  1133	  7122		  2322
4		16	45		4		C-3			P2			Y		17	  170	  1037	  7218		  2418
4		4	46		5		C-3			P2			Y		21	  218	  1422	  6833		  2033
4		7	46		5		A-6			P2			Y		20	  206	  1326	  6929		  2129
4		10	46		5		A-3			P2			Y		19	  194	  1230	  7025		  2225
4		13	46		4		C-6			P2			Y		18	  182	  1134	  7121		  2321
4		16	46		4		C-3			P2			Y		17	  170	  1038	  7217		  2417
4		4	47		5		C-3			P2			Y		21	  218	  1423	  6832		  2032
4		7	47		5		A-6			P2			Y		20	  206	  1327	  6928		  2128
4		10	47		5		A-3			P2			Y		19	  194	  1231	  7024		  2224
4		13	47		4		C-6			P2			Y		18	  182	  1135	  7120		  2320
4		16	47		4		C-3			P2			Y		17	  170	  1039	  7216		  2416
4		4	48		5		C-3			P2			Y		21	  219	  1424	  6831		  2031
4		7	48		5		A-6			P2			Y		20	  207	  1328	  6927		  2127
4		10	48		5		A-3			P2			Y		19	  195	  1232	  7023		  2223
4		13	48		4		C-6			P2			Y		18	  183	  1136	  7119		  2319
4		16	48		4		C-3			P2			Y		17	  171	  1040	  7215		  2415
4		4	49		5		C-3			P2			Y		21	  219	  1425	  6830		  2030
4		7	49		5		A-6			P2			Y		20	  207	  1329	  6926		  2126
4		10	49		5		A-3			P2			Y		19	  195	  1233	  7022		  2222
4		13	49		4		C-6			P2			Y		18	  183	  1137	  7118		  2318
4		16	49		4		C-3			P2			Y		17	  171	  1041	  7214		  2414
4		4	50		5		C-3			P2			Y		21	  219	  1426	  6829		  2029
4		7	50		5		A-6			P2			Y		20	  207	  1330	  6925		  2125
4		10	50		5		A-3			P2			Y		19	  195	  1234	  7021		  2221
4		13	50		4		C-6			P2			Y		18	  183	  1138	  7117		  2317
4		16	50		4		C-3			P2			Y		17	  171	  1042	  7213		  2413
4		4	51		5		C-3			P2			Y		21	  219	  1427	  6828		  2028
4		7	51		5		A-6			P2			Y		20	  207	  1331	  6924		  2124
4		10	51		5		A-3			P2			Y		19	  195	  1235	  7020		  2220
4		13	51		4		C-6			P2			Y		18	  183	  1139	  7116		  2316
4		16	51		4		C-3			P2			Y		17	  171	  1043	  7212		  2412
4		4	52		5		C-3			P2			Y		21	  219	  1428	  6827		  2027
4		7	52		5		A-6			P2			Y		20	  207	  1332	  6923		  2123
4		10	52		5		A-3			P2			Y		19	  195	  1236	  7019		  2219
4		13	52		4		C-6			P2			Y		18	  183	  1140	  7115		  2315
4		16	52		4		C-3			P2			Y		17	  171	  1044	  7211		  2411
4		4	53		5		C-3			P2			Y		21	  219	  1429	  6826		  2026
4		7	53		5		A-6			P2			Y		20	  207	  1333	  6922		  2122
4		10	53		5		A-3			P2			Y		19	  195	  1237	  7018		  2218
4		13	53		4		C-6			P2			Y		18	  183	  1141	  7114		  2314
4		16	53		4		C-3			P2			Y		17	  171	  1045	  7210		  2410
4		4	54		5		C-3			P2			Y		21	  219	  1430	  6825		  2025
4		7	54		5		A-6			P2			Y		20	  207	  1334	  6921		  2121
4		10	54		5		A-3			P2			Y		19	  195	  1238	  7017		  2217
4		13	54		4		C-6			P2			Y		18	  183	  1142	  7113		  2313
4		16	54		4		C-3			P2			Y		17	  171	  1046	  7209		  2409
4		4	55		5		C-3			P2			Y		21	  219	  1431	  6824		  2024
4		7	55		5		A-6			P2			Y		20	  207	  1335	  6920		  2120
4		10	55		5		A-3			P2			Y		19	  195	  1239	  7016		  2216
4		13	55		4		C-6			P2			Y		18	  183	  1143	  7112		  2312
4		16	55		4		C-3			P2			Y		17	  171	  1047	  7208		  2408
4		4	56		5		C-3			P2			Y		21	  219	  1432	  6823		  2023
4		7	56		5		A-6			P2			Y		20	  207	  1336	  6919		  2119
4		10	56		5		A-3			P2			Y		19	  195	  1240	  7015		  2215
4		13	56		4		C-6			P2			Y		18	  183	  1144	  7111		  2311
4		16	56		4		C-3			P2			Y		17	  171	  1048	  7207		  2407
4		4	57		5		C-3			P2			Y		21	  219	  1433	  6822		  2022
4		7	57		5		A-6			P2			Y		20	  207	  1337	  6918		  2118
4		10	57		5		A-3			P2			Y		19	  195	  1241	  7014		  2214
4		13	57		4		C-6			P2			Y		18	  183	  1145	  7110		  2310
4		16	57		4		C-3			P2			Y		17	  171	  1049	  7206		  2406
4		4	58		5		C-3			P2			Y		21	  219	  1434	  6821		  2021
4		7	58		5		A-6			P2			Y		20	  207	  1338	  6917		  2117
4		10	58		5		A-3			P2			Y		19	  195	  1242	  7013		  2213
4		13	58		4		C-6			P2			Y		18	  183	  1146	  7109		  2309
4		16	58		4		C-3			P2			Y		17	  171	  1050	  7205		  2405
4		4	59		5		C-3			P2			Y		21	  219	  1435	  6820		  2020
4		7	59		5		A-6			P2			Y		20	  207	  1339	  6916		  2116
4		10	59		5		A-3			P2			Y		19	  195	  1243	  7012		  2212
4		13	59		4		C-6			P2			Y		18	  183	  1147	  7108		  2308
4		16	59		4		C-3			P2			Y		17	  171	  1051	  7204		  2404
4		4	60		5		C-3			P2			Y		21	  219	  1436	  6819		  2019
4		7	60		5		A-6			P2			Y		20	  207	  1340	  6915		  2115
4		10	60		5		A-3			P2			Y		19	  195	  1244	  7011		  2211
4		13	60		4		C-6			P2			Y		18	  183	  1148	  7107		  2307
4		16	60		4		C-3			P2			Y		17	  171	  1052	  7203		  2403
4		4	61		5		C-3			P2			Y		21	  219	  1437	  6818		  2018
4		7	61		5		A-6			P2			Y		20	  207	  1341	  6914		  2114
4		10	61		5		A-3			P2			Y		19	  195	  1245	  7010		  2210
4		13	61		4		C-6			P2			Y		18	  183	  1149	  7106		  2306
4		16	61		4		C-3			P2			Y		17	  171	  1053	  7202		  2402
4		4	62		5		C-3			P2			Y		21	  219	  1438	  6817		  2017
4		7	62		5		A-6			P2			Y		20	  207	  1342	  6913		  2113
4		10	62		5		A-3			P2			Y		19	  195	  1246	  7009		  2209
4		13	62		4		C-6			P2			Y		18	  183	  1150	  7105		  2305
4		16	62		4		C-3			P2			Y		17	  171	  1054	  7201		  2401
4		4	63		5		C-3			P2			Y		21	  219	  1439	  6816		  2016
4		7	63		5		A-6			P2			Y		20	  207	  1343	  6912		  2112
4		10	63		5		A-3			P2			Y		19	  195	  1247	  7008		  2208
4		13	63		4		C-6			P2			Y		18	  183	  1151	  7104		  2304
4		16	63		4		C-3			P2			Y		17	  171	  1055	  7200		  2400
4		4	16		5		D-3			P1			U		21	  221	  1384	  1015		  1015
4		7	16		5		B-6			P1			U		20	  209	  1336	  1063		  1063
4		10	16		5		B-3			P1			U		19	  197	  1288	  1111		  1111
4		13	16		4		D-6			P1			U		18	  185	  1240	  1159		  1159
4		16	16		4		D-3			P1			U		17	  173	  1192	  1207		  1207
4		4	17		5		D-3			P1			V		21	  221	  712	  4087		  1687
4		7	17		5		B-6			P1			V		20	  209	  664	  4135		  1735
4		10	17		5		B-3			P1			V		19	  197	  616	  4183		  1783
4		13	17		4		D-6			P1			V		18	  185	  568	  4231		  1831
4		16	17		4		D-3			P1			V		17	  173	  520	  4279		  1879
4		4	18		5		D-3			P1			U		21	  221	  1385	  1014		  1014
4		7	18		5		B-6			P1			U		20	  209	  1337	  1062		  1062
4		10	18		5		B-3			P1			U		19	  197	  1289	  1110		  1110
4		13	18		4		D-6			P1			U		18	  185	  1241	  1158		  1158
4		16	18		4		D-3			P1			U		17	  173	  1193	  1206		  1206
4		4	19		5		D-3			P1			V		21	  221	  713	  4086		  1686
4		7	19		5		B-6			P1			V		20	  209	  665	  4134		  1734
4		10	19		5		B-3			P1			V		19	  197	  617	  4182		  1782
4		13	19		4		D-6			P1			V		18	  185	  569	  4230		  1830
4		16	19		4		D-3			P1			V		17	  173	  521	  4278		  1878
4		4	20		5		D-3			P1			U		21	  221	  1386	  1013		  1013
4		7	20		5		B-6			P1			U		20	  209	  1338	  1061		  1061
4		10	20		5		B-3			P1			U		19	  197	  1290	  1109		  1109
4		13	20		4		D-6			P1			U		18	  185	  1242	  1157		  1157
4		16	20		4		D-3			P1			U		17	  173	  1194	  1205		  1205
4		4	21		5		D-3			P1			V		21	  221	  714	  4085		  1685
4		7	21		5		B-6			P1			V		20	  209	  666	  4133		  1733
4		10	21		5		B-3			P1			V		19	  197	  618	  4181		  1781
4		13	21		4		D-6			P1			V		18	  185	  570	  4229		  1829
4		16	21		4		D-3			P1			V		17	  173	  522	  4277		  1877
4		4	22		5		D-3			P1			U		21	  221	  1387	  1012		  1012
4		7	22		5		B-6			P1			U		20	  209	  1339	  1060		  1060
4		10	22		5		B-3			P1			U		19	  197	  1291	  1108		  1108
4		13	22		4		D-6			P1			U		18	  185	  1243	  1156		  1156
4		16	22		4		D-3			P1			U		17	  173	  1195	  1204		  1204
4		4	23		5		D-3			P1			V		21	  221	  715	  4084		  1684
4		7	23		5		B-6			P1			V		20	  209	  667	  4132		  1732
4		10	23		5		B-3			P1			V		19	  197	  619	  4180		  1780
4		13	23		4		D-6			P1			V		18	  185	  571	  4228		  1828
4		16	23		4		D-3			P1			V		17	  173	  523	  4276		  1876
4		4	24		5		D-3			P1			U		21	  221	  1388	  1011		  1011
4		7	24		5		B-6			P1			U		20	  209	  1340	  1059		  1059
4		10	24		5		B-3			P1			U		19	  197	  1292	  1107		  1107
4		13	24		4		D-6			P1			U		18	  185	  1244	  1155		  1155
4		16	24		4		D-3			P1			U		17	  173	  1196	  1203		  1203
4		4	25		5		D-3			P1			V		21	  221	  716	  4083		  1683
4		7	25		5		B-6			P1			V		20	  209	  668	  4131		  1731
4		10	25		5		B-3			P1			V		19	  197	  620	  4179		  1779
4		13	25		4		D-6			P1			V		18	  185	  572	  4227		  1827
4		16	25		4		D-3			P1			V		17	  173	  524	  4275		  1875
4		4	26		5		D-3			P1			U		21	  221	  1389	  1010		  1010
4		7	26		5		B-6			P1			U		20	  209	  1341	  1058		  1058
4		10	26		5		B-3			P1			U		19	  197	  1293	  1106		  1106
4		13	26		4		D-6			P1			U		18	  185	  1245	  1154		  1154
4		16	26		4		D-3			P1			U		17	  173	  1197	  1202		  1202
4		4	27		5		D-3			P1			V		21	  221	  717	  4082		  1682
4		7	27		5		B-6			P1			V		20	  209	  669	  4130		  1730
4		10	27		5		B-3			P1			V		19	  197	  621	  4178		  1778
4		13	27		4		D-6			P1			V		18	  185	  573	  4226		  1826
4		16	27		4		D-3			P1			V		17	  173	  525	  4274		  1874
4		4	28		5		D-3			P1			U		21	  221	  1390	  1009		  1009
4		7	28		5		B-6			P1			U		20	  209	  1342	  1057		  1057
4		10	28		5		B-3			P1			U		19	  197	  1294	  1105		  1105
4		13	28		4		D-6			P1			U		18	  185	  1246	  1153		  1153
4		16	28		4		D-3			P1			U		17	  173	  1198	  1201		  1201
4		4	29		5		D-3			P1			V		21	  221	  718	  4081		  1681
4		7	29		5		B-6			P1			V		20	  209	  670	  4129		  1729
4		10	29		5		B-3			P1			V		19	  197	  622	  4177		  1777
4		13	29		4		D-6			P1			V		18	  185	  574	  4225		  1825
4		16	29		4		D-3			P1			V		17	  173	  526	  4273		  1873
4		4	30		5		D-3			P1			U		21	  221	  1391	  1008		  1008
4		7	30		5		B-6			P1			U		20	  209	  1343	  1056		  1056
4		10	30		5		B-3			P1			U		19	  197	  1295	  1104		  1104
4		13	30		4		D-6			P1			U		18	  185	  1247	  1152		  1152
4		16	30		4		D-3			P1			U		17	  173	  1199	  1200		  1200
4		4	31		5		D-3			P1			V		21	  221	  719	  4080		  1680
4		7	31		5		B-6			P1			V		20	  209	  671	  4128		  1728
4		10	31		5		B-3			P1			V		19	  197	  623	  4176		  1776
4		13	31		4		D-6			P1			V		18	  185	  575	  4224		  1824
4		16	31		4		D-3			P1			V		17	  173	  527	  4272		  1872
4		4	0		5		D-3			P1			U		21	  220	  1376	  1023		  1023
4		7	0		5		B-6			P1			U		20	  208	  1328	  1071		  1071
4		10	0		5		B-3			P1			U		19	  196	  1280	  1119		  1119
4		13	0		4		D-6			P1			U		18	  184	  1232	  1167		  1167
4		16	0		4		D-3			P1			U		17	  172	  1184	  1215		  1215
4		4	1		5		D-3			P1			V		21	  220	  704	  4095		  1695
4		7	1		5		B-6			P1			V		20	  208	  656	  4143		  1743
4		10	1		5		B-3			P1			V		19	  196	  608	  4191		  1791
4		13	1		4		D-6			P1			V		18	  184	  560	  4239		  1839
4		16	1		4		D-3			P1			V		17	  172	  512	  4287		  1887
4		4	2		5		D-3			P1			U		21	  220	  1377	  1022		  1022
4		7	2		5		B-6			P1			U		20	  208	  1329	  1070		  1070
4		10	2		5		B-3			P1			U		19	  196	  1281	  1118		  1118
4		13	2		4		D-6			P1			U		18	  184	  1233	  1166		  1166
4		16	2		4		D-3			P1			U		17	  172	  1185	  1214		  1214
4		4	3		5		D-3			P1			V		21	  220	  705	  4094		  1694
4		7	3		5		B-6			P1			V		20	  208	  657	  4142		  1742
4		10	3		5		B-3			P1			V		19	  196	  609	  4190		  1790
4		13	3		4		D-6			P1			V		18	  184	  561	  4238		  1838
4		16	3		4		D-3			P1			V		17	  172	  513	  4286		  1886
4		4	4		5		D-3			P1			U		21	  220	  1378	  1021		  1021
4		7	4		5		B-6			P1			U		20	  208	  1330	  1069		  1069
4		10	4		5		B-3			P1			U		19	  196	  1282	  1117		  1117
4		13	4		4		D-6			P1			U		18	  184	  1234	  1165		  1165
4		16	4		4		D-3			P1			U		17	  172	  1186	  1213		  1213
4		4	5		5		D-3			P1			V		21	  220	  706	  4093		  1693
4		7	5		5		B-6			P1			V		20	  208	  658	  4141		  1741
4		10	5		5		B-3			P1			V		19	  196	  610	  4189		  1789
4		13	5		4		D-6			P1			V		18	  184	  562	  4237		  1837
4		16	5		4		D-3			P1			V		17	  172	  514	  4285		  1885
4		4	6		5		D-3			P1			U		21	  220	  1379	  1020		  1020
4		7	6		5		B-6			P1			U		20	  208	  1331	  1068		  1068
4		10	6		5		B-3			P1			U		19	  196	  1283	  1116		  1116
4		13	6		4		D-6			P1			U		18	  184	  1235	  1164		  1164
4		16	6		4		D-3			P1			U		17	  172	  1187	  1212		  1212
4		4	7		5		D-3			P1			V		21	  220	  707	  4092		  1692
4		7	7		5		B-6			P1			V		20	  208	  659	  4140		  1740
4		10	7		5		B-3			P1			V		19	  196	  611	  4188		  1788
4		13	7		4		D-6			P1			V		18	  184	  563	  4236		  1836
4		16	7		4		D-3			P1			V		17	  172	  515	  4284		  1884
4		4	8		5		D-3			P1			U		21	  220	  1380	  1019		  1019
4		7	8		5		B-6			P1			U		20	  208	  1332	  1067		  1067
4		10	8		5		B-3			P1			U		19	  196	  1284	  1115		  1115
4		13	8		4		D-6			P1			U		18	  184	  1236	  1163		  1163
4		16	8		4		D-3			P1			U		17	  172	  1188	  1211		  1211
4		4	9		5		D-3			P1			V		21	  220	  708	  4091		  1691
4		7	9		5		B-6			P1			V		20	  208	  660	  4139		  1739
4		10	9		5		B-3			P1			V		19	  196	  612	  4187		  1787
4		13	9		4		D-6			P1			V		18	  184	  564	  4235		  1835
4		16	9		4		D-3			P1			V		17	  172	  516	  4283		  1883
4		4	10		5		D-3			P1			U		21	  220	  1381	  1018		  1018
4		7	10		5		B-6			P1			U		20	  208	  1333	  1066		  1066
4		10	10		5		B-3			P1			U		19	  196	  1285	  1114		  1114
4		13	10		4		D-6			P1			U		18	  184	  1237	  1162		  1162
4		16	10		4		D-3			P1			U		17	  172	  1189	  1210		  1210
4		4	11		5		D-3			P1			V		21	  220	  709	  4090		  1690
4		7	11		5		B-6			P1			V		20	  208	  661	  4138		  1738
4		10	11		5		B-3			P1			V		19	  196	  613	  4186		  1786
4		13	11		4		D-6			P1			V		18	  184	  565	  4234		  1834
4		16	11		4		D-3			P1			V		17	  172	  517	  4282		  1882
4		4	12		5		D-3			P1			U		21	  220	  1382	  1017		  1017
4		7	12		5		B-6			P1			U		20	  208	  1334	  1065		  1065
4		10	12		5		B-3			P1			U		19	  196	  1286	  1113		  1113
4		13	12		4		D-6			P1			U		18	  184	  1238	  1161		  1161
4		16	12		4		D-3			P1			U		17	  172	  1190	  1209		  1209
4		4	13		5		D-3			P1			V		21	  220	  710	  4089		  1689
4		7	13		5		B-6			P1			V		20	  208	  662	  4137		  1737
4		10	13		5		B-3			P1			V		19	  196	  614	  4185		  1785
4		13	13		4		D-6			P1			V		18	  184	  566	  4233		  1833
4		16	13		4		D-3			P1			V		17	  172	  518	  4281		  1881
4		4	14		5		D-3			P1			U		21	  220	  1383	  1016		  1016
4		7	14		5		B-6			P1			U		20	  208	  1335	  1064		  1064
4		10	14		5		B-3			P1			U		19	  196	  1287	  1112		  1112
4		13	14		4		D-6			P1			U		18	  184	  1239	  1160		  1160
4		16	14		4		D-3			P1			U		17	  172	  1191	  1208		  1208
4		4	15		5		D-3			P1			V		21	  220	  711	  4088		  1688
4		7	15		5		B-6			P1			V		20	  208	  663	  4136		  1736
4		10	15		5		B-3			P1			V		19	  196	  615	  4184		  1784
4		13	15		4		D-6			P1			V		18	  184	  567	  4232		  1832
4		16	15		4		D-3			P1			V		17	  172	  519	  4280		  1880
