9	18	32	10	C-4	P2	Y	42	462	3360	4895	95
9	18	33	10	C-4	P2	Y	42	462	3361	4894	94
9	18	34	10	C-4	P2	Y	42	462	3362	4893	93
9	18	35	10	C-4	P2	Y	42	462	3363	4892	92
9	18	36	10	C-4	P2	Y	42	462	3364	4891	91
9	18	37	10	C-4	P2	Y	42	462	3365	4890	90
9	18	38	10	C-4	P2	Y	42	462	3366	4889	89
9	18	39	10	C-4	P2	Y	42	462	3367	4888	88
9	18	40	10	C-4	P2	Y	42	462	3368	4887	87
9	18	41	10	C-4	P2	Y	42	462	3369	4886	86
9	18	42	10	C-4	P2	Y	42	462	3370	4885	85
9	18	43	10	C-4	P2	Y	42	462	3371	4884	84
9	18	44	10	C-4	P2	Y	42	462	3372	4883	83
9	18	45	10	C-4	P2	Y	42	462	3373	4882	82
9	18	46	10	C-4	P2	Y	42	462	3374	4881	81
9	18	47	10	C-4	P2	Y	42	462	3375	4880	80
9	18	48	10	C-4	P2	Y	42	463	3376	4879	79
9	18	49	10	C-4	P2	Y	42	463	3377	4878	78
9	18	50	10	C-4	P2	Y	42	463	3378	4877	77
9	18	51	10	C-4	P2	Y	42	463	3379	4876	76
9	18	52	10	C-4	P2	Y	42	463	3380	4875	75
9	18	53	10	C-4	P2	Y	42	463	3381	4874	74
9	18	54	10	C-4	P2	Y	42	463	3382	4873	73
9	18	55	10	C-4	P2	Y	42	463	3383	4872	72
9	18	56	10	C-4	P2	Y	42	463	3384	4871	71
9	18	57	10	C-4	P2	Y	42	463	3385	4870	70
9	18	58	10	C-4	P2	Y	42	463	3386	4869	69
9	18	59	10	C-4	P2	Y	42	463	3387	4868	68
9	18	60	10	C-4	P2	Y	42	463	3388	4867	67
9	18	61	10	C-4	P2	Y	42	463	3389	4866	66
9	18	62	10	C-4	P2	Y	42	463	3390	4865	65
9	18	63	10	C-4	P2	Y	42	463	3391	4864	64
9	18	16	10	D-4	P1	U	42	465	2360	39	39
9	18	17	10	D-4	P1	V	42	465	1688	3111	711
9	18	18	10	D-4	P1	U	42	465	2361	38	38
9	18	19	10	D-4	P1	V	42	465	1689	3110	710
9	18	20	10	D-4	P1	U	42	465	2362	37	37
9	18	21	10	D-4	P1	V	42	465	1690	3109	709
9	18	22	10	D-4	P1	U	42	465	2363	36	36
9	18	23	10	D-4	P1	V	42	465	1691	3108	708
9	18	24	10	D-4	P1	U	42	465	2364	35	35
9	18	25	10	D-4	P1	V	42	465	1692	3107	707
9	18	26	10	D-4	P1	U	42	465	2365	34	34
9	18	27	10	D-4	P1	V	42	465	1693	3106	706
9	18	28	10	D-4	P1	U	42	465	2366	33	33
9	18	29	10	D-4	P1	V	42	465	1694	3105	705
9	18	30	10	D-4	P1	U	42	465	2367	32	32
9	18	31	10	D-4	P1	V	42	465	1695	3104	704
9	18	0	10	D-4	P1	U	42	464	2352	47	47
9	18	1	10	D-4	P1	V	42	464	1680	3119	719
9	18	2	10	D-4	P1	U	42	464	2353	46	46
9	18	3	10	D-4	P1	V	42	464	1681	3118	718
9	18	4	10	D-4	P1	U	42	464	2354	45	45
9	18	5	10	D-4	P1	V	42	464	1682	3117	717
9	18	6	10	D-4	P1	U	42	464	2355	44	44
9	18	7	10	D-4	P1	V	42	464	1683	3116	716
9	18	8	10	D-4	P1	U	42	464	2356	43	43
9	18	9	10	D-4	P1	V	42	464	1684	3115	715
9	18	10	10	D-4	P1	U	42	464	2357	42	42
9	18	11	10	D-4	P1	V	42	464	1685	3114	714
9	18	12	10	D-4	P1	U	42	464	2358	41	41
9	18	13	10	D-4	P1	V	42	464	1686	3113	713
9	18	14	10	D-4	P1	U	42	464	2359	40	40
9	18	15	10	D-4	P1	V	42	464	1687	3112	712
9	17	32	10	C-5	P2	Y	42	466	3392	4863	63
9	17	33	10	C-5	P2	Y	42	466	3393	4862	62
9	17	34	10	C-5	P2	Y	42	466	3394	4861	61
9	17	35	10	C-5	P2	Y	42	466	3395	4860	60
9	17	36	10	C-5	P2	Y	42	466	3396	4859	59
9	17	37	10	C-5	P2	Y	42	466	3397	4858	58
9	17	38	10	C-5	P2	Y	42	466	3398	4857	57
9	17	39	10	C-5	P2	Y	42	466	3399	4856	56
9	17	40	10	C-5	P2	Y	42	466	3400	4855	55
9	17	41	10	C-5	P2	Y	42	466	3401	4854	54
9	17	42	10	C-5	P2	Y	42	466	3402	4853	53
9	17	43	10	C-5	P2	Y	42	466	3403	4852	52
9	17	44	10	C-5	P2	Y	42	466	3404	4851	51
9	17	45	10	C-5	P2	Y	42	466	3405	4850	50
9	17	46	10	C-5	P2	Y	42	466	3406	4849	49
9	17	47	10	C-5	P2	Y	42	466	3407	4848	48
9	17	48	10	C-5	P2	Y	42	467	3408	4847	47
9	17	49	10	C-5	P2	Y	42	467	3409	4846	46
9	17	50	10	C-5	P2	Y	42	467	3410	4845	45
9	17	51	10	C-5	P2	Y	42	467	3411	4844	44
9	17	52	10	C-5	P2	Y	42	467	3412	4843	43
9	17	53	10	C-5	P2	Y	42	467	3413	4842	42
9	17	54	10	C-5	P2	Y	42	467	3414	4841	41
9	17	55	10	C-5	P2	Y	42	467	3415	4840	40
9	17	56	10	C-5	P2	Y	42	467	3416	4839	39
9	17	57	10	C-5	P2	Y	42	467	3417	4838	38
9	17	58	10	C-5	P2	Y	42	467	3418	4837	37
9	17	59	10	C-5	P2	Y	42	467	3419	4836	36
9	17	60	10	C-5	P2	Y	42	467	3420	4835	35
9	17	61	10	C-5	P2	Y	42	467	3421	4834	34
9	17	62	10	C-5	P2	Y	42	467	3422	4833	33
9	17	63	10	C-5	P2	Y	42	467	3423	4832	32
9	17	16	10	D-5	P1	U	42	469	2376	23	23
9	17	17	10	D-5	P1	V	42	469	1704	3095	695
9	17	18	10	D-5	P1	U	42	469	2377	22	22
9	17	19	10	D-5	P1	V	42	469	1705	3094	694
9	17	20	10	D-5	P1	U	42	469	2378	21	21
9	17	21	10	D-5	P1	V	42	469	1706	3093	693
9	17	22	10	D-5	P1	U	42	469	2379	20	20
9	17	23	10	D-5	P1	V	42	469	1707	3092	692
9	17	24	10	D-5	P1	U	42	469	2380	19	19
9	17	25	10	D-5	P1	V	42	469	1708	3091	691
9	17	26	10	D-5	P1	U	42	469	2381	18	18
9	17	27	10	D-5	P1	V	42	469	1709	3090	690
9	17	28	10	D-5	P1	U	42	469	2382	17	17
9	17	29	10	D-5	P1	V	42	469	1710	3089	689
9	17	30	10	D-5	P1	U	42	469	2383	16	16
9	17	31	10	D-5	P1	V	42	469	1711	3088	688
9	17	0	10	D-5	P1	U	42	468	2368	31	31
9	17	1	10	D-5	P1	V	42	468	1696	3103	703
9	17	2	10	D-5	P1	U	42	468	2369	30	30
9	17	3	10	D-5	P1	V	42	468	1697	3102	702
9	17	4	10	D-5	P1	U	42	468	2370	29	29
9	17	5	10	D-5	P1	V	42	468	1698	3101	701
9	17	6	10	D-5	P1	U	42	468	2371	28	28
9	17	7	10	D-5	P1	V	42	468	1699	3100	700
9	17	8	10	D-5	P1	U	42	468	2372	27	27
9	17	9	10	D-5	P1	V	42	468	1700	3099	699
9	17	10	10	D-5	P1	U	42	468	2373	26	26
9	17	11	10	D-5	P1	V	42	468	1701	3098	698
9	17	12	10	D-5	P1	U	42	468	2374	25	25
9	17	13	10	D-5	P1	V	42	468	1702	3097	697
9	17	14	10	D-5	P1	U	42	468	2375	24	24
9	17	15	10	D-5	P1	V	42	468	1703	3096	696
9	16	32	10	C-6	P2	Y	42	470	3424	4831	31
9	16	33	10	C-6	P2	Y	42	470	3425	4830	30
9	16	34	10	C-6	P2	Y	42	470	3426	4829	29
9	16	35	10	C-6	P2	Y	42	470	3427	4828	28
9	16	36	10	C-6	P2	Y	42	470	3428	4827	27
9	16	37	10	C-6	P2	Y	42	470	3429	4826	26
9	16	38	10	C-6	P2	Y	42	470	3430	4825	25
9	16	39	10	C-6	P2	Y	42	470	3431	4824	24
9	16	40	10	C-6	P2	Y	42	470	3432	4823	23
9	16	41	10	C-6	P2	Y	42	470	3433	4822	22
9	16	42	10	C-6	P2	Y	42	470	3434	4821	21
9	16	43	10	C-6	P2	Y	42	470	3435	4820	20
9	16	44	10	C-6	P2	Y	42	470	3436	4819	19
9	16	45	10	C-6	P2	Y	42	470	3437	4818	18
9	16	46	10	C-6	P2	Y	42	470	3438	4817	17
9	16	47	10	C-6	P2	Y	42	470	3439	4816	16
9	16	48	10	C-6	P2	Y	42	471	3440	4815	15
9	16	49	10	C-6	P2	Y	42	471	3441	4814	14
9	16	50	10	C-6	P2	Y	42	471	3442	4813	13
9	16	51	10	C-6	P2	Y	42	471	3443	4812	12
9	16	52	10	C-6	P2	Y	42	471	3444	4811	11
9	16	53	10	C-6	P2	Y	42	471	3445	4810	10
9	16	54	10	C-6	P2	Y	42	471	3446	4809	9
9	16	55	10	C-6	P2	Y	42	471	3447	4808	8
9	16	56	10	C-6	P2	Y	42	471	3448	4807	7
9	16	57	10	C-6	P2	Y	42	471	3449	4806	6
9	16	58	10	C-6	P2	Y	42	471	3450	4805	5
9	16	59	10	C-6	P2	Y	42	471	3451	4804	4
9	16	60	10	C-6	P2	Y	42	471	3452	4803	3
9	16	61	10	C-6	P2	Y	42	471	3453	4802	2
9	16	62	10	C-6	P2	Y	42	471	3454	4801	1
9	16	63	10	C-6	P2	Y	42	471	3455	4800	0
9	16	16	10	D-6	P1	U	42	473	2392	7	7
9	16	17	10	D-6	P1	V	42	473	1720	3079	679
9	16	18	10	D-6	P1	U	42	473	2393	6	6
9	16	19	10	D-6	P1	V	42	473	1721	3078	678
9	16	20	10	D-6	P1	U	42	473	2394	5	5
9	16	21	10	D-6	P1	V	42	473	1722	3077	677
9	16	22	10	D-6	P1	U	42	473	2395	4	4
9	16	23	10	D-6	P1	V	42	473	1723	3076	676
9	16	24	10	D-6	P1	U	42	473	2396	3	3
9	16	25	10	D-6	P1	V	42	473	1724	3075	675
9	16	26	10	D-6	P1	U	42	473	2397	2	2
9	16	27	10	D-6	P1	V	42	473	1725	3074	674
9	16	28	10	D-6	P1	U	42	473	2398	1	1
9	16	29	10	D-6	P1	V	42	473	1726	3073	673
9	16	30	10	D-6	P1	U	42	473	2399	0	0
9	16	31	10	D-6	P1	V	42	473	1727	3072	672
9	16	0	10	D-6	P1	U	42	472	2384	15	15
9	16	1	10	D-6	P1	V	42	472	1712	3087	687
9	16	2	10	D-6	P1	U	42	472	2385	14	14
9	16	3	10	D-6	P1	V	42	472	1713	3086	686
9	16	4	10	D-6	P1	U	42	472	2386	13	13
9	16	5	10	D-6	P1	V	42	472	1714	3085	685
9	16	6	10	D-6	P1	U	42	472	2387	12	12
9	16	7	10	D-6	P1	V	42	472	1715	3084	684
9	16	8	10	D-6	P1	U	42	472	2388	11	11
9	16	9	10	D-6	P1	V	42	472	1716	3083	683
9	16	10	10	D-6	P1	U	42	472	2389	10	10
9	16	11	10	D-6	P1	V	42	472	1717	3082	682
9	16	12	10	D-6	P1	U	42	472	2390	9	9
9	16	13	10	D-6	P1	V	42	472	1718	3081	681
9	16	14	10	D-6	P1	U	42	472	2391	8	8
9	16	15	10	D-6	P1	V	42	472	1719	3080	680
9	6	32	11	C-6	P2	V	49	510	2304	2495	95
9	8	0	11	A-3	P1	V	48	504	2208	2591	191
9	9	32	11	B-3	P2	V	47	498	2112	2687	287
9	11	0	11	D-5	P1	V	46	492	2016	2783	383
9	12	32	11	C-4	P2	V	45	486	1920	2879	479
9	14	0	11	D-2	P1	V	44	480	1824	2975	575
9	15	32	11	C-1	P2	V	43	474	1728	3071	671
9	6	33	11	C-6	P2	V	49	510	2305	2494	94
9	8	1	11	A-3	P1	V	48	504	2209	2590	190
9	9	33	11	B-3	P2	V	47	498	2113	2686	286
9	11	1	11	D-5	P1	V	46	492	2017	2782	382
9	12	33	11	C-4	P2	V	45	486	1921	2878	478
9	14	1	11	D-2	P1	V	44	480	1825	2974	574
9	15	33	11	C-1	P2	V	43	474	1729	3070	670
9	6	34	11	C-6	P2	V	49	510	2306	2493	93
9	8	2	11	A-3	P1	V	48	504	2210	2589	189
9	9	34	11	B-3	P2	V	47	498	2114	2685	285
9	11	2	11	D-5	P1	V	46	492	2018	2781	381
9	12	34	11	C-4	P2	V	45	486	1922	2877	477
9	14	2	11	D-2	P1	V	44	480	1826	2973	573
9	15	34	11	C-1	P2	V	43	474	1730	3069	669
9	6	35	11	C-6	P2	V	49	510	2307	2492	92
9	8	3	11	A-3	P1	V	48	504	2211	2588	188
9	9	35	11	B-3	P2	V	47	498	2115	2684	284
9	11	3	11	D-5	P1	V	46	492	2019	2780	380
9	12	35	11	C-4	P2	V	45	486	1923	2876	476
9	14	3	11	D-2	P1	V	44	480	1827	2972	572
9	15	35	11	C-1	P2	V	43	474	1731	3068	668
9	6	36	11	C-6	P2	V	49	510	2308	2491	91
9	8	4	11	A-3	P1	V	48	504	2212	2587	187
9	9	36	11	B-3	P2	V	47	498	2116	2683	283
9	11	4	11	D-5	P1	V	46	492	2020	2779	379
9	12	36	11	C-4	P2	V	45	486	1924	2875	475
9	14	4	11	D-2	P1	V	44	480	1828	2971	571
9	15	36	11	C-1	P2	V	43	474	1732	3067	667
9	6	37	11	C-6	P2	V	49	510	2309	2490	90
9	8	5	11	A-3	P1	V	48	504	2213	2586	186
9	9	37	11	B-3	P2	V	47	498	2117	2682	282
9	11	5	11	D-5	P1	V	46	492	2021	2778	378
9	12	37	11	C-4	P2	V	45	486	1925	2874	474
9	14	5	11	D-2	P1	V	44	480	1829	2970	570
9	15	37	11	C-1	P2	V	43	474	1733	3066	666
9	6	38	11	C-6	P2	V	49	510	2310	2489	89
9	8	6	11	A-3	P1	V	48	504	2214	2585	185
9	9	38	11	B-3	P2	V	47	498	2118	2681	281
9	11	6	11	D-5	P1	V	46	492	2022	2777	377
9	12	38	11	C-4	P2	V	45	486	1926	2873	473
9	14	6	11	D-2	P1	V	44	480	1830	2969	569
9	15	38	11	C-1	P2	V	43	474	1734	3065	665
9	6	39	11	C-6	P2	V	49	510	2311	2488	88
9	8	7	11	A-3	P1	V	48	504	2215	2584	184
9	9	39	11	B-3	P2	V	47	498	2119	2680	280
9	11	7	11	D-5	P1	V	46	492	2023	2776	376
9	12	39	11	C-4	P2	V	45	486	1927	2872	472
9	14	7	11	D-2	P1	V	44	480	1831	2968	568
9	15	39	11	C-1	P2	V	43	474	1735	3064	664
9	6	40	11	C-6	P2	V	49	510	2312	2487	87
9	8	8	11	A-3	P1	V	48	504	2216	2583	183
9	9	40	11	B-3	P2	V	47	498	2120	2679	279
9	11	8	11	D-5	P1	V	46	492	2024	2775	375
9	12	40	11	C-4	P2	V	45	486	1928	2871	471
9	14	8	11	D-2	P1	V	44	480	1832	2967	567
9	15	40	11	C-1	P2	V	43	474	1736	3063	663
9	6	41	11	C-6	P2	V	49	510	2313	2486	86
9	8	9	11	A-3	P1	V	48	504	2217	2582	182
9	9	41	11	B-3	P2	V	47	498	2121	2678	278
9	11	9	11	D-5	P1	V	46	492	2025	2774	374
9	12	41	11	C-4	P2	V	45	486	1929	2870	470
9	14	9	11	D-2	P1	V	44	480	1833	2966	566
9	15	41	11	C-1	P2	V	43	474	1737	3062	662
9	6	42	11	C-6	P2	V	49	510	2314	2485	85
9	8	10	11	A-3	P1	V	48	504	2218	2581	181
9	9	42	11	B-3	P2	V	47	498	2122	2677	277
9	11	10	11	D-5	P1	V	46	492	2026	2773	373
9	12	42	11	C-4	P2	V	45	486	1930	2869	469
9	14	10	11	D-2	P1	V	44	480	1834	2965	565
9	15	42	11	C-1	P2	V	43	474	1738	3061	661
9	6	43	11	C-6	P2	V	49	510	2315	2484	84
9	8	11	11	A-3	P1	V	48	504	2219	2580	180
9	9	43	11	B-3	P2	V	47	498	2123	2676	276
9	11	11	11	D-5	P1	V	46	492	2027	2772	372
9	12	43	11	C-4	P2	V	45	486	1931	2868	468
9	14	11	11	D-2	P1	V	44	480	1835	2964	564
9	15	43	11	C-1	P2	V	43	474	1739	3060	660
9	6	44	11	C-6	P2	V	49	510	2316	2483	83
9	8	12	11	A-3	P1	V	48	504	2220	2579	179
9	9	44	11	B-3	P2	V	47	498	2124	2675	275
9	11	12	11	D-5	P1	V	46	492	2028	2771	371
9	12	44	11	C-4	P2	V	45	486	1932	2867	467
9	14	12	11	D-2	P1	V	44	480	1836	2963	563
9	15	44	11	C-1	P2	V	43	474	1740	3059	659
9	6	45	11	C-6	P2	V	49	510	2317	2482	82
9	8	13	11	A-3	P1	V	48	504	2221	2578	178
9	9	45	11	B-3	P2	V	47	498	2125	2674	274
9	11	13	11	D-5	P1	V	46	492	2029	2770	370
9	12	45	11	C-4	P2	V	45	486	1933	2866	466
9	14	13	11	D-2	P1	V	44	480	1837	2962	562
9	15	45	11	C-1	P2	V	43	474	1741	3058	658
9	6	46	11	C-6	P2	V	49	510	2318	2481	81
9	8	14	11	A-3	P1	V	48	504	2222	2577	177
9	9	46	11	B-3	P2	V	47	498	2126	2673	273
9	11	14	11	D-5	P1	V	46	492	2030	2769	369
9	12	46	11	C-4	P2	V	45	486	1934	2865	465
9	14	14	11	D-2	P1	V	44	480	1838	2961	561
9	15	46	11	C-1	P2	V	43	474	1742	3057	657
9	6	47	11	C-6	P2	V	49	510	2319	2480	80
9	8	15	11	A-3	P1	V	48	504	2223	2576	176
9	9	47	11	B-3	P2	V	47	498	2127	2672	272
9	11	15	11	D-5	P1	V	46	492	2031	2768	368
9	12	47	11	C-4	P2	V	45	486	1935	2864	464
9	14	15	11	D-2	P1	V	44	480	1839	2960	560
9	15	47	11	C-1	P2	V	43	474	1743	3056	656
9	6	48	11	C-6	P2	V	49	511	2320	2479	79
9	8	16	11	A-3	P1	V	48	505	2224	2575	175
9	9	48	11	B-3	P2	V	47	499	2128	2671	271
9	11	16	11	D-5	P1	V	46	493	2032	2767	367
9	12	48	11	C-4	P2	V	45	487	1936	2863	463
9	14	16	11	D-2	P1	V	44	481	1840	2959	559
9	15	48	11	C-1	P2	V	43	475	1744	3055	655
9	6	49	11	C-6	P2	V	49	511	2321	2478	78
9	8	17	11	A-3	P1	V	48	505	2225	2574	174
9	9	49	11	B-3	P2	V	47	499	2129	2670	270
9	11	17	11	D-5	P1	V	46	493	2033	2766	366
9	12	49	11	C-4	P2	V	45	487	1937	2862	462
9	14	17	11	D-2	P1	V	44	481	1841	2958	558
9	15	49	11	C-1	P2	V	43	475	1745	3054	654
9	6	50	11	C-6	P2	V	49	511	2322	2477	77
9	8	18	11	A-3	P1	V	48	505	2226	2573	173
9	9	50	11	B-3	P2	V	47	499	2130	2669	269
9	11	18	11	D-5	P1	V	46	493	2034	2765	365
9	12	50	11	C-4	P2	V	45	487	1938	2861	461
9	14	18	11	D-2	P1	V	44	481	1842	2957	557
9	15	50	11	C-1	P2	V	43	475	1746	3053	653
9	6	51	11	C-6	P2	V	49	511	2323	2476	76
9	8	19	11	A-3	P1	V	48	505	2227	2572	172
9	9	51	11	B-3	P2	V	47	499	2131	2668	268
9	11	19	11	D-5	P1	V	46	493	2035	2764	364
9	12	51	11	C-4	P2	V	45	487	1939	2860	460
9	14	19	11	D-2	P1	V	44	481	1843	2956	556
9	15	51	11	C-1	P2	V	43	475	1747	3052	652
9	6	52	11	C-6	P2	V	49	511	2324	2475	75
9	8	20	11	A-3	P1	V	48	505	2228	2571	171
9	9	52	11	B-3	P2	V	47	499	2132	2667	267
9	11	20	11	D-5	P1	V	46	493	2036	2763	363
9	12	52	11	C-4	P2	V	45	487	1940	2859	459
9	14	20	11	D-2	P1	V	44	481	1844	2955	555
9	15	52	11	C-1	P2	V	43	475	1748	3051	651
9	6	53	11	C-6	P2	V	49	511	2325	2474	74
9	8	21	11	A-3	P1	V	48	505	2229	2570	170
9	9	53	11	B-3	P2	V	47	499	2133	2666	266
9	11	21	11	D-5	P1	V	46	493	2037	2762	362
9	12	53	11	C-4	P2	V	45	487	1941	2858	458
9	14	21	11	D-2	P1	V	44	481	1845	2954	554
9	15	53	11	C-1	P2	V	43	475	1749	3050	650
9	6	54	11	C-6	P2	V	49	511	2326	2473	73
9	8	22	11	A-3	P1	V	48	505	2230	2569	169
9	9	54	11	B-3	P2	V	47	499	2134	2665	265
9	11	22	11	D-5	P1	V	46	493	2038	2761	361
9	12	54	11	C-4	P2	V	45	487	1942	2857	457
9	14	22	11	D-2	P1	V	44	481	1846	2953	553
9	15	54	11	C-1	P2	V	43	475	1750	3049	649
9	6	55	11	C-6	P2	V	49	511	2327	2472	72
9	8	23	11	A-3	P1	V	48	505	2231	2568	168
9	9	55	11	B-3	P2	V	47	499	2135	2664	264
9	11	23	11	D-5	P1	V	46	493	2039	2760	360
9	12	55	11	C-4	P2	V	45	487	1943	2856	456
9	14	23	11	D-2	P1	V	44	481	1847	2952	552
9	15	55	11	C-1	P2	V	43	475	1751	3048	648
9	6	56	11	C-6	P2	V	49	511	2328	2471	71
9	8	24	11	A-3	P1	V	48	505	2232	2567	167
9	9	56	11	B-3	P2	V	47	499	2136	2663	263
9	11	24	11	D-5	P1	V	46	493	2040	2759	359
9	12	56	11	C-4	P2	V	45	487	1944	2855	455
9	14	24	11	D-2	P1	V	44	481	1848	2951	551
9	15	56	11	C-1	P2	V	43	475	1752	3047	647
9	6	57	11	C-6	P2	V	49	511	2329	2470	70
9	8	25	11	A-3	P1	V	48	505	2233	2566	166
9	9	57	11	B-3	P2	V	47	499	2137	2662	262
9	11	25	11	D-5	P1	V	46	493	2041	2758	358
9	12	57	11	C-4	P2	V	45	487	1945	2854	454
9	14	25	11	D-2	P1	V	44	481	1849	2950	550
9	15	57	11	C-1	P2	V	43	475	1753	3046	646
9	6	58	11	C-6	P2	V	49	511	2330	2469	69
9	8	26	11	A-3	P1	V	48	505	2234	2565	165
9	9	58	11	B-3	P2	V	47	499	2138	2661	261
9	11	26	11	D-5	P1	V	46	493	2042	2757	357
9	12	58	11	C-4	P2	V	45	487	1946	2853	453
9	14	26	11	D-2	P1	V	44	481	1850	2949	549
9	15	58	11	C-1	P2	V	43	475	1754	3045	645
9	6	59	11	C-6	P2	V	49	511	2331	2468	68
9	8	27	11	A-3	P1	V	48	505	2235	2564	164
9	9	59	11	B-3	P2	V	47	499	2139	2660	260
9	11	27	11	D-5	P1	V	46	493	2043	2756	356
9	12	59	11	C-4	P2	V	45	487	1947	2852	452
9	14	27	11	D-2	P1	V	44	481	1851	2948	548
9	15	59	11	C-1	P2	V	43	475	1755	3044	644
9	6	60	11	C-6	P2	V	49	511	2332	2467	67
9	8	28	11	A-3	P1	V	48	505	2236	2563	163
9	9	60	11	B-3	P2	V	47	499	2140	2659	259
9	11	28	11	D-5	P1	V	46	493	2044	2755	355
9	12	60	11	C-4	P2	V	45	487	1948	2851	451
9	14	28	11	D-2	P1	V	44	481	1852	2947	547
9	15	60	11	C-1	P2	V	43	475	1756	3043	643
9	6	61	11	C-6	P2	V	49	511	2333	2466	66
9	8	29	11	A-3	P1	V	48	505	2237	2562	162
9	9	61	11	B-3	P2	V	47	499	2141	2658	258
9	11	29	11	D-5	P1	V	46	493	2045	2754	354
9	12	61	11	C-4	P2	V	45	487	1949	2850	450
9	14	29	11	D-2	P1	V	44	481	1853	2946	546
9	15	61	11	C-1	P2	V	43	475	1757	3042	642
9	6	62	11	C-6	P2	V	49	511	2334	2465	65
9	8	30	11	A-3	P1	V	48	505	2238	2561	161
9	9	62	11	B-3	P2	V	47	499	2142	2657	257
9	11	30	11	D-5	P1	V	46	493	2046	2753	353
9	12	62	11	C-4	P2	V	45	487	1950	2849	449
9	14	30	11	D-2	P1	V	44	481	1854	2945	545
9	15	62	11	C-1	P2	V	43	475	1758	3041	641
9	6	63	11	C-6	P2	V	49	511	2335	2464	64
9	8	31	11	A-3	P1	V	48	505	2239	2560	160
9	9	63	11	B-3	P2	V	47	499	2143	2656	256
9	11	31	11	D-5	P1	V	46	493	2047	2752	352
9	12	63	11	C-4	P2	V	45	487	1951	2848	448
9	14	31	11	D-2	P1	V	44	481	1855	2944	544
9	15	63	11	C-1	P2	V	43	475	1759	3040	640
9	6	0	11	C-5	P1	V	49	512	2336	2463	63
9	7	32	11	B-5	P2	V	48	506	2240	2559	159
9	9	0	11	A-2	P1	V	47	500	2144	2655	255
9	10	32	11	B-2	P2	V	46	494	2048	2751	351
9	12	0	11	D-4	P1	V	45	488	1952	2847	447
9	13	32	11	C-3	P2	V	44	482	1856	2943	543
9	15	0	11	D-1	P1	V	43	476	1760	3039	639
9	6	1	11	C-5	P1	V	49	512	2337	2462	62
9	7	33	11	B-5	P2	V	48	506	2241	2558	158
9	9	1	11	A-2	P1	V	47	500	2145	2654	254
9	10	33	11	B-2	P2	V	46	494	2049	2750	350
9	12	1	11	D-4	P1	V	45	488	1953	2846	446
9	13	33	11	C-3	P2	V	44	482	1857	2942	542
9	15	1	11	D-1	P1	V	43	476	1761	3038	638
9	6	2	11	C-5	P1	V	49	512	2338	2461	61
9	7	34	11	B-5	P2	V	48	506	2242	2557	157
9	9	2	11	A-2	P1	V	47	500	2146	2653	253
9	10	34	11	B-2	P2	V	46	494	2050	2749	349
9	12	2	11	D-4	P1	V	45	488	1954	2845	445
9	13	34	11	C-3	P2	V	44	482	1858	2941	541
9	15	2	11	D-1	P1	V	43	476	1762	3037	637
9	6	3	11	C-5	P1	V	49	512	2339	2460	60
9	7	35	11	B-5	P2	V	48	506	2243	2556	156
9	9	3	11	A-2	P1	V	47	500	2147	2652	252
9	10	35	11	B-2	P2	V	46	494	2051	2748	348
9	12	3	11	D-4	P1	V	45	488	1955	2844	444
9	13	35	11	C-3	P2	V	44	482	1859	2940	540
9	15	3	11	D-1	P1	V	43	476	1763	3036	636
9	6	4	11	C-5	P1	V	49	512	2340	2459	59
9	7	36	11	B-5	P2	V	48	506	2244	2555	155
9	9	4	11	A-2	P1	V	47	500	2148	2651	251
9	10	36	11	B-2	P2	V	46	494	2052	2747	347
9	12	4	11	D-4	P1	V	45	488	1956	2843	443
9	13	36	11	C-3	P2	V	44	482	1860	2939	539
9	15	4	11	D-1	P1	V	43	476	1764	3035	635
9	6	5	11	C-5	P1	V	49	512	2341	2458	58
9	7	37	11	B-5	P2	V	48	506	2245	2554	154
9	9	5	11	A-2	P1	V	47	500	2149	2650	250
9	10	37	11	B-2	P2	V	46	494	2053	2746	346
9	12	5	11	D-4	P1	V	45	488	1957	2842	442
9	13	37	11	C-3	P2	V	44	482	1861	2938	538
9	15	5	11	D-1	P1	V	43	476	1765	3034	634
9	6	6	11	C-5	P1	V	49	512	2342	2457	57
9	7	38	11	B-5	P2	V	48	506	2246	2553	153
9	9	6	11	A-2	P1	V	47	500	2150	2649	249
9	10	38	11	B-2	P2	V	46	494	2054	2745	345
9	12	6	11	D-4	P1	V	45	488	1958	2841	441
9	13	38	11	C-3	P2	V	44	482	1862	2937	537
9	15	6	11	D-1	P1	V	43	476	1766	3033	633
9	6	7	11	C-5	P1	V	49	512	2343	2456	56
9	7	39	11	B-5	P2	V	48	506	2247	2552	152
9	9	7	11	A-2	P1	V	47	500	2151	2648	248
9	10	39	11	B-2	P2	V	46	494	2055	2744	344
9	12	7	11	D-4	P1	V	45	488	1959	2840	440
9	13	39	11	C-3	P2	V	44	482	1863	2936	536
9	15	7	11	D-1	P1	V	43	476	1767	3032	632
9	6	8	11	C-5	P1	V	49	512	2344	2455	55
9	7	40	11	B-5	P2	V	48	506	2248	2551	151
9	9	8	11	A-2	P1	V	47	500	2152	2647	247
9	10	40	11	B-2	P2	V	46	494	2056	2743	343
9	12	8	11	D-4	P1	V	45	488	1960	2839	439
9	13	40	11	C-3	P2	V	44	482	1864	2935	535
9	15	8	11	D-1	P1	V	43	476	1768	3031	631
9	6	9	11	C-5	P1	V	49	512	2345	2454	54
9	7	41	11	B-5	P2	V	48	506	2249	2550	150
9	9	9	11	A-2	P1	V	47	500	2153	2646	246
9	10	41	11	B-2	P2	V	46	494	2057	2742	342
9	12	9	11	D-4	P1	V	45	488	1961	2838	438
9	13	41	11	C-3	P2	V	44	482	1865	2934	534
9	15	9	11	D-1	P1	V	43	476	1769	3030	630
9	6	10	11	C-5	P1	V	49	512	2346	2453	53
9	7	42	11	B-5	P2	V	48	506	2250	2549	149
9	9	10	11	A-2	P1	V	47	500	2154	2645	245
9	10	42	11	B-2	P2	V	46	494	2058	2741	341
9	12	10	11	D-4	P1	V	45	488	1962	2837	437
9	13	42	11	C-3	P2	V	44	482	1866	2933	533
9	15	10	11	D-1	P1	V	43	476	1770	3029	629
9	6	11	11	C-5	P1	V	49	512	2347	2452	52
9	7	43	11	B-5	P2	V	48	506	2251	2548	148
9	9	11	11	A-2	P1	V	47	500	2155	2644	244
9	10	43	11	B-2	P2	V	46	494	2059	2740	340
9	12	11	11	D-4	P1	V	45	488	1963	2836	436
9	13	43	11	C-3	P2	V	44	482	1867	2932	532
9	15	11	11	D-1	P1	V	43	476	1771	3028	628
9	6	12	11	C-5	P1	V	49	512	2348	2451	51
9	7	44	11	B-5	P2	V	48	506	2252	2547	147
9	9	12	11	A-2	P1	V	47	500	2156	2643	243
9	10	44	11	B-2	P2	V	46	494	2060	2739	339
9	12	12	11	D-4	P1	V	45	488	1964	2835	435
9	13	44	11	C-3	P2	V	44	482	1868	2931	531
9	15	12	11	D-1	P1	V	43	476	1772	3027	627
9	6	13	11	C-5	P1	V	49	512	2349	2450	50
9	7	45	11	B-5	P2	V	48	506	2253	2546	146
9	9	13	11	A-2	P1	V	47	500	2157	2642	242
9	10	45	11	B-2	P2	V	46	494	2061	2738	338
9	12	13	11	D-4	P1	V	45	488	1965	2834	434
9	13	45	11	C-3	P2	V	44	482	1869	2930	530
9	15	13	11	D-1	P1	V	43	476	1773	3026	626
9	6	14	11	C-5	P1	V	49	512	2350	2449	49
9	7	46	11	B-5	P2	V	48	506	2254	2545	145
9	9	14	11	A-2	P1	V	47	500	2158	2641	241
9	10	46	11	B-2	P2	V	46	494	2062	2737	337
9	12	14	11	D-4	P1	V	45	488	1966	2833	433
9	13	46	11	C-3	P2	V	44	482	1870	2929	529
9	15	14	11	D-1	P1	V	43	476	1774	3025	625
9	6	15	11	C-5	P1	V	49	512	2351	2448	48
9	7	47	11	B-5	P2	V	48	506	2255	2544	144
9	9	15	11	A-2	P1	V	47	500	2159	2640	240
9	10	47	11	B-2	P2	V	46	494	2063	2736	336
9	12	15	11	D-4	P1	V	45	488	1967	2832	432
9	13	47	11	C-3	P2	V	44	482	1871	2928	528
9	15	15	11	D-1	P1	V	43	476	1775	3024	624
9	6	16	11	C-5	P1	V	49	513	2352	2447	47
9	7	48	11	B-5	P2	V	48	507	2256	2543	143
9	9	16	11	A-2	P1	V	47	501	2160	2639	239
9	10	48	11	B-2	P2	V	46	495	2064	2735	335
9	12	16	11	D-4	P1	V	45	489	1968	2831	431
9	13	48	11	C-3	P2	V	44	483	1872	2927	527
9	15	16	11	D-1	P1	V	43	477	1776	3023	623
9	6	17	11	C-5	P1	V	49	513	2353	2446	46
9	7	49	11	B-5	P2	V	48	507	2257	2542	142
9	9	17	11	A-2	P1	V	47	501	2161	2638	238
9	10	49	11	B-2	P2	V	46	495	2065	2734	334
9	12	17	11	D-4	P1	V	45	489	1969	2830	430
9	13	49	11	C-3	P2	V	44	483	1873	2926	526
9	15	17	11	D-1	P1	V	43	477	1777	3022	622
9	6	18	11	C-5	P1	V	49	513	2354	2445	45
9	7	50	11	B-5	P2	V	48	507	2258	2541	141
9	9	18	11	A-2	P1	V	47	501	2162	2637	237
9	10	50	11	B-2	P2	V	46	495	2066	2733	333
9	12	18	11	D-4	P1	V	45	489	1970	2829	429
9	13	50	11	C-3	P2	V	44	483	1874	2925	525
9	15	18	11	D-1	P1	V	43	477	1778	3021	621
9	6	19	11	C-5	P1	V	49	513	2355	2444	44
9	7	51	11	B-5	P2	V	48	507	2259	2540	140
9	9	19	11	A-2	P1	V	47	501	2163	2636	236
9	10	51	11	B-2	P2	V	46	495	2067	2732	332
9	12	19	11	D-4	P1	V	45	489	1971	2828	428
9	13	51	11	C-3	P2	V	44	483	1875	2924	524
9	15	19	11	D-1	P1	V	43	477	1779	3020	620
9	6	20	11	C-5	P1	V	49	513	2356	2443	43
9	7	52	11	B-5	P2	V	48	507	2260	2539	139
9	9	20	11	A-2	P1	V	47	501	2164	2635	235
9	10	52	11	B-2	P2	V	46	495	2068	2731	331
9	12	20	11	D-4	P1	V	45	489	1972	2827	427
9	13	52	11	C-3	P2	V	44	483	1876	2923	523
9	15	20	11	D-1	P1	V	43	477	1780	3019	619
9	6	21	11	C-5	P1	V	49	513	2357	2442	42
9	7	53	11	B-5	P2	V	48	507	2261	2538	138
9	9	21	11	A-2	P1	V	47	501	2165	2634	234
9	10	53	11	B-2	P2	V	46	495	2069	2730	330
9	12	21	11	D-4	P1	V	45	489	1973	2826	426
9	13	53	11	C-3	P2	V	44	483	1877	2922	522
9	15	21	11	D-1	P1	V	43	477	1781	3018	618
9	6	22	11	C-5	P1	V	49	513	2358	2441	41
9	7	54	11	B-5	P2	V	48	507	2262	2537	137
9	9	22	11	A-2	P1	V	47	501	2166	2633	233
9	10	54	11	B-2	P2	V	46	495	2070	2729	329
9	12	22	11	D-4	P1	V	45	489	1974	2825	425
9	13	54	11	C-3	P2	V	44	483	1878	2921	521
9	15	22	11	D-1	P1	V	43	477	1782	3017	617
9	6	23	11	C-5	P1	V	49	513	2359	2440	40
9	7	55	11	B-5	P2	V	48	507	2263	2536	136
9	9	23	11	A-2	P1	V	47	501	2167	2632	232
9	10	55	11	B-2	P2	V	46	495	2071	2728	328
9	12	23	11	D-4	P1	V	45	489	1975	2824	424
9	13	55	11	C-3	P2	V	44	483	1879	2920	520
9	15	23	11	D-1	P1	V	43	477	1783	3016	616
9	6	24	11	C-5	P1	V	49	513	2360	2439	39
9	7	56	11	B-5	P2	V	48	507	2264	2535	135
9	9	24	11	A-2	P1	V	47	501	2168	2631	231
9	10	56	11	B-2	P2	V	46	495	2072	2727	327
9	12	24	11	D-4	P1	V	45	489	1976	2823	423
9	13	56	11	C-3	P2	V	44	483	1880	2919	519
9	15	24	11	D-1	P1	V	43	477	1784	3015	615
9	6	25	11	C-5	P1	V	49	513	2361	2438	38
9	7	57	11	B-5	P2	V	48	507	2265	2534	134
9	9	25	11	A-2	P1	V	47	501	2169	2630	230
9	10	57	11	B-2	P2	V	46	495	2073	2726	326
9	12	25	11	D-4	P1	V	45	489	1977	2822	422
9	13	57	11	C-3	P2	V	44	483	1881	2918	518
9	15	25	11	D-1	P1	V	43	477	1785	3014	614
9	6	26	11	C-5	P1	V	49	513	2362	2437	37
9	7	58	11	B-5	P2	V	48	507	2266	2533	133
9	9	26	11	A-2	P1	V	47	501	2170	2629	229
9	10	58	11	B-2	P2	V	46	495	2074	2725	325
9	12	26	11	D-4	P1	V	45	489	1978	2821	421
9	13	58	11	C-3	P2	V	44	483	1882	2917	517
9	15	26	11	D-1	P1	V	43	477	1786	3013	613
9	6	27	11	C-5	P1	V	49	513	2363	2436	36
9	7	59	11	B-5	P2	V	48	507	2267	2532	132
9	9	27	11	A-2	P1	V	47	501	2171	2628	228
9	10	59	11	B-2	P2	V	46	495	2075	2724	324
9	12	27	11	D-4	P1	V	45	489	1979	2820	420
9	13	59	11	C-3	P2	V	44	483	1883	2916	516
9	15	27	11	D-1	P1	V	43	477	1787	3012	612
9	6	28	11	C-5	P1	V	49	513	2364	2435	35
9	7	60	11	B-5	P2	V	48	507	2268	2531	131
9	9	28	11	A-2	P1	V	47	501	2172	2627	227
9	10	60	11	B-2	P2	V	46	495	2076	2723	323
9	12	28	11	D-4	P1	V	45	489	1980	2819	419
9	13	60	11	C-3	P2	V	44	483	1884	2915	515
9	15	28	11	D-1	P1	V	43	477	1788	3011	611
9	6	29	11	C-5	P1	V	49	513	2365	2434	34
9	7	61	11	B-5	P2	V	48	507	2269	2530	130
9	9	29	11	A-2	P1	V	47	501	2173	2626	226
9	10	61	11	B-2	P2	V	46	495	2077	2722	322
9	12	29	11	D-4	P1	V	45	489	1981	2818	418
9	13	61	11	C-3	P2	V	44	483	1885	2914	514
9	15	29	11	D-1	P1	V	43	477	1789	3010	610
9	6	30	11	C-5	P1	V	49	513	2366	2433	33
9	7	62	11	B-5	P2	V	48	507	2270	2529	129
9	9	30	11	A-2	P1	V	47	501	2174	2625	225
9	10	62	11	B-2	P2	V	46	495	2078	2721	321
9	12	30	11	D-4	P1	V	45	489	1982	2817	417
9	13	62	11	C-3	P2	V	44	483	1886	2913	513
9	15	30	11	D-1	P1	V	43	477	1790	3009	609
9	6	31	11	C-5	P1	V	49	513	2367	2432	32
9	7	63	11	B-5	P2	V	48	507	2271	2528	128
9	9	31	11	A-2	P1	V	47	501	2175	2624	224
9	10	63	11	B-2	P2	V	46	495	2079	2720	320
9	12	31	11	D-4	P1	V	45	489	1983	2816	416
9	13	63	11	C-3	P2	V	44	483	1887	2912	512
9	15	31	11	D-1	P1	V	43	477	1791	3008	608
9	5	32	11	D-6	P1	V	49	514	2368	2431	31
9	7	0	11	A-4	P1	V	48	508	2272	2527	127
9	8	32	11	B-4	P2	V	47	502	2176	2623	223
9	10	0	11	A-1	P1	V	46	496	2080	2719	319
9	11	32	11	B-1	P2	V	45	490	1984	2815	415
9	13	0	11	D-3	P1	V	44	484	1888	2911	511
9	14	32	11	C-2	P2	V	43	478	1792	3007	607
9	5	33	11	D-6	P1	V	49	514	2369	2430	30
9	7	1	11	A-4	P1	V	48	508	2273	2526	126
9	8	33	11	B-4	P2	V	47	502	2177	2622	222
9	10	1	11	A-1	P1	V	46	496	2081	2718	318
9	11	33	11	B-1	P2	V	45	490	1985	2814	414
9	13	1	11	D-3	P1	V	44	484	1889	2910	510
9	14	33	11	C-2	P2	V	43	478	1793	3006	606
9	5	34	11	D-6	P1	V	49	514	2370	2429	29
9	7	2	11	A-4	P1	V	48	508	2274	2525	125
9	8	34	11	B-4	P2	V	47	502	2178	2621	221
9	10	2	11	A-1	P1	V	46	496	2082	2717	317
9	11	34	11	B-1	P2	V	45	490	1986	2813	413
9	13	2	11	D-3	P1	V	44	484	1890	2909	509
9	14	34	11	C-2	P2	V	43	478	1794	3005	605
9	5	35	11	D-6	P1	V	49	514	2371	2428	28
9	7	3	11	A-4	P1	V	48	508	2275	2524	124
9	8	35	11	B-4	P2	V	47	502	2179	2620	220
9	10	3	11	A-1	P1	V	46	496	2083	2716	316
9	11	35	11	B-1	P2	V	45	490	1987	2812	412
9	13	3	11	D-3	P1	V	44	484	1891	2908	508
9	14	35	11	C-2	P2	V	43	478	1795	3004	604
9	5	36	11	D-6	P1	V	49	514	2372	2427	27
9	7	4	11	A-4	P1	V	48	508	2276	2523	123
9	8	36	11	B-4	P2	V	47	502	2180	2619	219
9	10	4	11	A-1	P1	V	46	496	2084	2715	315
9	11	36	11	B-1	P2	V	45	490	1988	2811	411
9	13	4	11	D-3	P1	V	44	484	1892	2907	507
9	14	36	11	C-2	P2	V	43	478	1796	3003	603
9	5	37	11	D-6	P1	V	49	514	2373	2426	26
9	7	5	11	A-4	P1	V	48	508	2277	2522	122
9	8	37	11	B-4	P2	V	47	502	2181	2618	218
9	10	5	11	A-1	P1	V	46	496	2085	2714	314
9	11	37	11	B-1	P2	V	45	490	1989	2810	410
9	13	5	11	D-3	P1	V	44	484	1893	2906	506
9	14	37	11	C-2	P2	V	43	478	1797	3002	602
9	5	38	11	D-6	P1	V	49	514	2374	2425	25
9	7	6	11	A-4	P1	V	48	508	2278	2521	121
9	8	38	11	B-4	P2	V	47	502	2182	2617	217
9	10	6	11	A-1	P1	V	46	496	2086	2713	313
9	11	38	11	B-1	P2	V	45	490	1990	2809	409
9	13	6	11	D-3	P1	V	44	484	1894	2905	505
9	14	38	11	C-2	P2	V	43	478	1798	3001	601
9	5	39	11	D-6	P1	V	49	514	2375	2424	24
9	7	7	11	A-4	P1	V	48	508	2279	2520	120
9	8	39	11	B-4	P2	V	47	502	2183	2616	216
9	10	7	11	A-1	P1	V	46	496	2087	2712	312
9	11	39	11	B-1	P2	V	45	490	1991	2808	408
9	13	7	11	D-3	P1	V	44	484	1895	2904	504
9	14	39	11	C-2	P2	V	43	478	1799	3000	600
9	5	40	11	D-6	P1	V	49	514	2376	2423	23
9	7	8	11	A-4	P1	V	48	508	2280	2519	119
9	8	40	11	B-4	P2	V	47	502	2184	2615	215
9	10	8	11	A-1	P1	V	46	496	2088	2711	311
9	11	40	11	B-1	P2	V	45	490	1992	2807	407
9	13	8	11	D-3	P1	V	44	484	1896	2903	503
9	14	40	11	C-2	P2	V	43	478	1800	2999	599
9	5	41	11	D-6	P1	V	49	514	2377	2422	22
9	7	9	11	A-4	P1	V	48	508	2281	2518	118
9	8	41	11	B-4	P2	V	47	502	2185	2614	214
9	10	9	11	A-1	P1	V	46	496	2089	2710	310
9	11	41	11	B-1	P2	V	45	490	1993	2806	406
9	13	9	11	D-3	P1	V	44	484	1897	2902	502
9	14	41	11	C-2	P2	V	43	478	1801	2998	598
9	5	42	11	D-6	P1	V	49	514	2378	2421	21
9	7	10	11	A-4	P1	V	48	508	2282	2517	117
9	8	42	11	B-4	P2	V	47	502	2186	2613	213
9	10	10	11	A-1	P1	V	46	496	2090	2709	309
9	11	42	11	B-1	P2	V	45	490	1994	2805	405
9	13	10	11	D-3	P1	V	44	484	1898	2901	501
9	14	42	11	C-2	P2	V	43	478	1802	2997	597
9	5	43	11	D-6	P1	V	49	514	2379	2420	20
9	7	11	11	A-4	P1	V	48	508	2283	2516	116
9	8	43	11	B-4	P2	V	47	502	2187	2612	212
9	10	11	11	A-1	P1	V	46	496	2091	2708	308
9	11	43	11	B-1	P2	V	45	490	1995	2804	404
9	13	11	11	D-3	P1	V	44	484	1899	2900	500
9	14	43	11	C-2	P2	V	43	478	1803	2996	596
9	5	44	11	D-6	P1	V	49	514	2380	2419	19
9	7	12	11	A-4	P1	V	48	508	2284	2515	115
9	8	44	11	B-4	P2	V	47	502	2188	2611	211
9	10	12	11	A-1	P1	V	46	496	2092	2707	307
9	11	44	11	B-1	P2	V	45	490	1996	2803	403
9	13	12	11	D-3	P1	V	44	484	1900	2899	499
9	14	44	11	C-2	P2	V	43	478	1804	2995	595
9	5	45	11	D-6	P1	V	49	514	2381	2418	18
9	7	13	11	A-4	P1	V	48	508	2285	2514	114
9	8	45	11	B-4	P2	V	47	502	2189	2610	210
9	10	13	11	A-1	P1	V	46	496	2093	2706	306
9	11	45	11	B-1	P2	V	45	490	1997	2802	402
9	13	13	11	D-3	P1	V	44	484	1901	2898	498
9	14	45	11	C-2	P2	V	43	478	1805	2994	594
9	5	46	11	D-6	P1	V	49	514	2382	2417	17
9	7	14	11	A-4	P1	V	48	508	2286	2513	113
9	8	46	11	B-4	P2	V	47	502	2190	2609	209
9	10	14	11	A-1	P1	V	46	496	2094	2705	305
9	11	46	11	B-1	P2	V	45	490	1998	2801	401
9	13	14	11	D-3	P1	V	44	484	1902	2897	497
9	14	46	11	C-2	P2	V	43	478	1806	2993	593
9	5	47	11	D-6	P1	V	49	514	2383	2416	16
9	7	15	11	A-4	P1	V	48	508	2287	2512	112
9	8	47	11	B-4	P2	V	47	502	2191	2608	208
9	10	15	11	A-1	P1	V	46	496	2095	2704	304
9	11	47	11	B-1	P2	V	45	490	1999	2800	400
9	13	15	11	D-3	P1	V	44	484	1903	2896	496
9	14	47	11	C-2	P2	V	43	478	1807	2992	592
9	5	48	11	D-6	P1	V	49	515	2384	2415	15
9	7	16	11	A-4	P1	V	48	509	2288	2511	111
9	8	48	11	B-4	P2	V	47	503	2192	2607	207
9	10	16	11	A-1	P1	V	46	497	2096	2703	303
9	11	48	11	B-1	P2	V	45	491	2000	2799	399
9	13	16	11	D-3	P1	V	44	485	1904	2895	495
9	14	48	11	C-2	P2	V	43	479	1808	2991	591
9	5	49	11	D-6	P1	V	49	515	2385	2414	14
9	7	17	11	A-4	P1	V	48	509	2289	2510	110
9	8	49	11	B-4	P2	V	47	503	2193	2606	206
9	10	17	11	A-1	P1	V	46	497	2097	2702	302
9	11	49	11	B-1	P2	V	45	491	2001	2798	398
9	13	17	11	D-3	P1	V	44	485	1905	2894	494
9	14	49	11	C-2	P2	V	43	479	1809	2990	590
9	5	50	11	D-6	P1	V	49	515	2386	2413	13
9	7	18	11	A-4	P1	V	48	509	2290	2509	109
9	8	50	11	B-4	P2	V	47	503	2194	2605	205
9	10	18	11	A-1	P1	V	46	497	2098	2701	301
9	11	50	11	B-1	P2	V	45	491	2002	2797	397
9	13	18	11	D-3	P1	V	44	485	1906	2893	493
9	14	50	11	C-2	P2	V	43	479	1810	2989	589
9	5	51	11	D-6	P1	V	49	515	2387	2412	12
9	7	19	11	A-4	P1	V	48	509	2291	2508	108
9	8	51	11	B-4	P2	V	47	503	2195	2604	204
9	10	19	11	A-1	P1	V	46	497	2099	2700	300
9	11	51	11	B-1	P2	V	45	491	2003	2796	396
9	13	19	11	D-3	P1	V	44	485	1907	2892	492
9	14	51	11	C-2	P2	V	43	479	1811	2988	588
9	5	52	11	D-6	P1	V	49	515	2388	2411	11
9	7	20	11	A-4	P1	V	48	509	2292	2507	107
9	8	52	11	B-4	P2	V	47	503	2196	2603	203
9	10	20	11	A-1	P1	V	46	497	2100	2699	299
9	11	52	11	B-1	P2	V	45	491	2004	2795	395
9	13	20	11	D-3	P1	V	44	485	1908	2891	491
9	14	52	11	C-2	P2	V	43	479	1812	2987	587
9	5	53	11	D-6	P1	V	49	515	2389	2410	10
9	7	21	11	A-4	P1	V	48	509	2293	2506	106
9	8	53	11	B-4	P2	V	47	503	2197	2602	202
9	10	21	11	A-1	P1	V	46	497	2101	2698	298
9	11	53	11	B-1	P2	V	45	491	2005	2794	394
9	13	21	11	D-3	P1	V	44	485	1909	2890	490
9	14	53	11	C-2	P2	V	43	479	1813	2986	586
9	5	54	11	D-6	P1	V	49	515	2390	2409	9
9	7	22	11	A-4	P1	V	48	509	2294	2505	105
9	8	54	11	B-4	P2	V	47	503	2198	2601	201
9	10	22	11	A-1	P1	V	46	497	2102	2697	297
9	11	54	11	B-1	P2	V	45	491	2006	2793	393
9	13	22	11	D-3	P1	V	44	485	1910	2889	489
9	14	54	11	C-2	P2	V	43	479	1814	2985	585
9	5	55	11	D-6	P1	V	49	515	2391	2408	8
9	7	23	11	A-4	P1	V	48	509	2295	2504	104
9	8	55	11	B-4	P2	V	47	503	2199	2600	200
9	10	23	11	A-1	P1	V	46	497	2103	2696	296
9	11	55	11	B-1	P2	V	45	491	2007	2792	392
9	13	23	11	D-3	P1	V	44	485	1911	2888	488
9	14	55	11	C-2	P2	V	43	479	1815	2984	584
9	5	56	11	D-6	P1	V	49	515	2392	2407	7
9	7	24	11	A-4	P1	V	48	509	2296	2503	103
9	8	56	11	B-4	P2	V	47	503	2200	2599	199
9	10	24	11	A-1	P1	V	46	497	2104	2695	295
9	11	56	11	B-1	P2	V	45	491	2008	2791	391
9	13	24	11	D-3	P1	V	44	485	1912	2887	487
9	14	56	11	C-2	P2	V	43	479	1816	2983	583
9	5	57	11	D-6	P1	V	49	515	2393	2406	6
9	7	25	11	A-4	P1	V	48	509	2297	2502	102
9	8	57	11	B-4	P2	V	47	503	2201	2598	198
9	10	25	11	A-1	P1	V	46	497	2105	2694	294
9	11	57	11	B-1	P2	V	45	491	2009	2790	390
9	13	25	11	D-3	P1	V	44	485	1913	2886	486
9	14	57	11	C-2	P2	V	43	479	1817	2982	582
9	5	58	11	D-6	P1	V	49	515	2394	2405	5
9	7	26	11	A-4	P1	V	48	509	2298	2501	101
9	8	58	11	B-4	P2	V	47	503	2202	2597	197
9	10	26	11	A-1	P1	V	46	497	2106	2693	293
9	11	58	11	B-1	P2	V	45	491	2010	2789	389
9	13	26	11	D-3	P1	V	44	485	1914	2885	485
9	14	58	11	C-2	P2	V	43	479	1818	2981	581
9	5	59	11	D-6	P1	V	49	515	2395	2404	4
9	7	27	11	A-4	P1	V	48	509	2299	2500	100
9	8	59	11	B-4	P2	V	47	503	2203	2596	196
9	10	27	11	A-1	P1	V	46	497	2107	2692	292
9	11	59	11	B-1	P2	V	45	491	2011	2788	388
9	13	27	11	D-3	P1	V	44	485	1915	2884	484
9	14	59	11	C-2	P2	V	43	479	1819	2980	580
9	5	60	11	D-6	P1	V	49	515	2396	2403	3
9	7	28	11	A-4	P1	V	48	509	2300	2499	99
9	8	60	11	B-4	P2	V	47	503	2204	2595	195
9	10	28	11	A-1	P1	V	46	497	2108	2691	291
9	11	60	11	B-1	P2	V	45	491	2012	2787	387
9	13	28	11	D-3	P1	V	44	485	1916	2883	483
9	14	60	11	C-2	P2	V	43	479	1820	2979	579
9	5	61	11	D-6	P1	V	49	515	2397	2402	2
9	7	29	11	A-4	P1	V	48	509	2301	2498	98
9	8	61	11	B-4	P2	V	47	503	2205	2594	194
9	10	29	11	A-1	P1	V	46	497	2109	2690	290
9	11	61	11	B-1	P2	V	45	491	2013	2786	386
9	13	29	11	D-3	P1	V	44	485	1917	2882	482
9	14	61	11	C-2	P2	V	43	479	1821	2978	578
9	5	62	11	D-6	P1	V	49	515	2398	2401	1
9	7	30	11	A-4	P1	V	48	509	2302	2497	97
9	8	62	11	B-4	P2	V	47	503	2206	2593	193
9	10	30	11	A-1	P1	V	46	497	2110	2689	289
9	11	62	11	B-1	P2	V	45	491	2014	2785	385
9	13	30	11	D-3	P1	V	44	485	1918	2881	481
9	14	62	11	C-2	P2	V	43	479	1822	2977	577
9	5	63	11	D-6	P1	V	49	515	2399	2400	0
9	7	31	11	A-4	P1	V	48	509	2303	2496	96
9	8	63	11	B-4	P2	V	47	503	2207	2592	192
9	10	31	11	A-1	P1	V	46	497	2111	2688	288
9	11	63	11	B-1	P2	V	45	491	2015	2784	384
9	13	31	11	D-3	P1	V	44	485	1919	2880	480
9	14	63	11	C-2	P2	V	43	479	1823	2976	576
