8	6	32	10	C-1	P2	Y	41	450	3264	4991	191
8	9	32	10	A-4	P2	Y	40	438	3168	5087	287
8	12	32	10	A-1	P2	Y	39	426	3072	5183	383
8	15	32	9	C-4	P2	Y	38	414	2976	5279	479
8	18	32	9	C-1	P2	Y	37	402	2880	5375	575
8	6	33	10	C-1	P2	Y	41	450	3265	4990	190
8	9	33	10	A-4	P2	Y	40	438	3169	5086	286
8	12	33	10	A-1	P2	Y	39	426	3073	5182	382
8	15	33	9	C-4	P2	Y	38	414	2977	5278	478
8	18	33	9	C-1	P2	Y	37	402	2881	5374	574
8	6	34	10	C-1	P2	Y	41	450	3266	4989	189
8	9	34	10	A-4	P2	Y	40	438	3170	5085	285
8	12	34	10	A-1	P2	Y	39	426	3074	5181	381
8	15	34	9	C-4	P2	Y	38	414	2978	5277	477
8	18	34	9	C-1	P2	Y	37	402	2882	5373	573
8	6	35	10	C-1	P2	Y	41	450	3267	4988	188
8	9	35	10	A-4	P2	Y	40	438	3171	5084	284
8	12	35	10	A-1	P2	Y	39	426	3075	5180	380
8	15	35	9	C-4	P2	Y	38	414	2979	5276	476
8	18	35	9	C-1	P2	Y	37	402	2883	5372	572
8	6	36	10	C-1	P2	Y	41	450	3268	4987	187
8	9	36	10	A-4	P2	Y	40	438	3172	5083	283
8	12	36	10	A-1	P2	Y	39	426	3076	5179	379
8	15	36	9	C-4	P2	Y	38	414	2980	5275	475
8	18	36	9	C-1	P2	Y	37	402	2884	5371	571
8	6	37	10	C-1	P2	Y	41	450	3269	4986	186
8	9	37	10	A-4	P2	Y	40	438	3173	5082	282
8	12	37	10	A-1	P2	Y	39	426	3077	5178	378
8	15	37	9	C-4	P2	Y	38	414	2981	5274	474
8	18	37	9	C-1	P2	Y	37	402	2885	5370	570
8	6	38	10	C-1	P2	Y	41	450	3270	4985	185
8	9	38	10	A-4	P2	Y	40	438	3174	5081	281
8	12	38	10	A-1	P2	Y	39	426	3078	5177	377
8	15	38	9	C-4	P2	Y	38	414	2982	5273	473
8	18	38	9	C-1	P2	Y	37	402	2886	5369	569
8	6	39	10	C-1	P2	Y	41	450	3271	4984	184
8	9	39	10	A-4	P2	Y	40	438	3175	5080	280
8	12	39	10	A-1	P2	Y	39	426	3079	5176	376
8	15	39	9	C-4	P2	Y	38	414	2983	5272	472
8	18	39	9	C-1	P2	Y	37	402	2887	5368	568
8	6	40	10	C-1	P2	Y	41	450	3272	4983	183
8	9	40	10	A-4	P2	Y	40	438	3176	5079	279
8	12	40	10	A-1	P2	Y	39	426	3080	5175	375
8	15	40	9	C-4	P2	Y	38	414	2984	5271	471
8	18	40	9	C-1	P2	Y	37	402	2888	5367	567
8	6	41	10	C-1	P2	Y	41	450	3273	4982	182
8	9	41	10	A-4	P2	Y	40	438	3177	5078	278
8	12	41	10	A-1	P2	Y	39	426	3081	5174	374
8	15	41	9	C-4	P2	Y	38	414	2985	5270	470
8	18	41	9	C-1	P2	Y	37	402	2889	5366	566
8	6	42	10	C-1	P2	Y	41	450	3274	4981	181
8	9	42	10	A-4	P2	Y	40	438	3178	5077	277
8	12	42	10	A-1	P2	Y	39	426	3082	5173	373
8	15	42	9	C-4	P2	Y	38	414	2986	5269	469
8	18	42	9	C-1	P2	Y	37	402	2890	5365	565
8	6	43	10	C-1	P2	Y	41	450	3275	4980	180
8	9	43	10	A-4	P2	Y	40	438	3179	5076	276
8	12	43	10	A-1	P2	Y	39	426	3083	5172	372
8	15	43	9	C-4	P2	Y	38	414	2987	5268	468
8	18	43	9	C-1	P2	Y	37	402	2891	5364	564
8	6	44	10	C-1	P2	Y	41	450	3276	4979	179
8	9	44	10	A-4	P2	Y	40	438	3180	5075	275
8	12	44	10	A-1	P2	Y	39	426	3084	5171	371
8	15	44	9	C-4	P2	Y	38	414	2988	5267	467
8	18	44	9	C-1	P2	Y	37	402	2892	5363	563
8	6	45	10	C-1	P2	Y	41	450	3277	4978	178
8	9	45	10	A-4	P2	Y	40	438	3181	5074	274
8	12	45	10	A-1	P2	Y	39	426	3085	5170	370
8	15	45	9	C-4	P2	Y	38	414	2989	5266	466
8	18	45	9	C-1	P2	Y	37	402	2893	5362	562
8	6	46	10	C-1	P2	Y	41	450	3278	4977	177
8	9	46	10	A-4	P2	Y	40	438	3182	5073	273
8	12	46	10	A-1	P2	Y	39	426	3086	5169	369
8	15	46	9	C-4	P2	Y	38	414	2990	5265	465
8	18	46	9	C-1	P2	Y	37	402	2894	5361	561
8	6	47	10	C-1	P2	Y	41	450	3279	4976	176
8	9	47	10	A-4	P2	Y	40	438	3183	5072	272
8	12	47	10	A-1	P2	Y	39	426	3087	5168	368
8	15	47	9	C-4	P2	Y	38	414	2991	5264	464
8	18	47	9	C-1	P2	Y	37	402	2895	5360	560
8	6	48	10	C-1	P2	Y	41	451	3280	4975	175
8	9	48	10	A-4	P2	Y	40	439	3184	5071	271
8	12	48	10	A-1	P2	Y	39	427	3088	5167	367
8	15	48	9	C-4	P2	Y	38	415	2992	5263	463
8	18	48	9	C-1	P2	Y	37	403	2896	5359	559
8	6	49	10	C-1	P2	Y	41	451	3281	4974	174
8	9	49	10	A-4	P2	Y	40	439	3185	5070	270
8	12	49	10	A-1	P2	Y	39	427	3089	5166	366
8	15	49	9	C-4	P2	Y	38	415	2993	5262	462
8	18	49	9	C-1	P2	Y	37	403	2897	5358	558
8	6	50	10	C-1	P2	Y	41	451	3282	4973	173
8	9	50	10	A-4	P2	Y	40	439	3186	5069	269
8	12	50	10	A-1	P2	Y	39	427	3090	5165	365
8	15	50	9	C-4	P2	Y	38	415	2994	5261	461
8	18	50	9	C-1	P2	Y	37	403	2898	5357	557
8	6	51	10	C-1	P2	Y	41	451	3283	4972	172
8	9	51	10	A-4	P2	Y	40	439	3187	5068	268
8	12	51	10	A-1	P2	Y	39	427	3091	5164	364
8	15	51	9	C-4	P2	Y	38	415	2995	5260	460
8	18	51	9	C-1	P2	Y	37	403	2899	5356	556
8	6	52	10	C-1	P2	Y	41	451	3284	4971	171
8	9	52	10	A-4	P2	Y	40	439	3188	5067	267
8	12	52	10	A-1	P2	Y	39	427	3092	5163	363
8	15	52	9	C-4	P2	Y	38	415	2996	5259	459
8	18	52	9	C-1	P2	Y	37	403	2900	5355	555
8	6	53	10	C-1	P2	Y	41	451	3285	4970	170
8	9	53	10	A-4	P2	Y	40	439	3189	5066	266
8	12	53	10	A-1	P2	Y	39	427	3093	5162	362
8	15	53	9	C-4	P2	Y	38	415	2997	5258	458
8	18	53	9	C-1	P2	Y	37	403	2901	5354	554
8	6	54	10	C-1	P2	Y	41	451	3286	4969	169
8	9	54	10	A-4	P2	Y	40	439	3190	5065	265
8	12	54	10	A-1	P2	Y	39	427	3094	5161	361
8	15	54	9	C-4	P2	Y	38	415	2998	5257	457
8	18	54	9	C-1	P2	Y	37	403	2902	5353	553
8	6	55	10	C-1	P2	Y	41	451	3287	4968	168
8	9	55	10	A-4	P2	Y	40	439	3191	5064	264
8	12	55	10	A-1	P2	Y	39	427	3095	5160	360
8	15	55	9	C-4	P2	Y	38	415	2999	5256	456
8	18	55	9	C-1	P2	Y	37	403	2903	5352	552
8	6	56	10	C-1	P2	Y	41	451	3288	4967	167
8	9	56	10	A-4	P2	Y	40	439	3192	5063	263
8	12	56	10	A-1	P2	Y	39	427	3096	5159	359
8	15	56	9	C-4	P2	Y	38	415	3000	5255	455
8	18	56	9	C-1	P2	Y	37	403	2904	5351	551
8	6	57	10	C-1	P2	Y	41	451	3289	4966	166
8	9	57	10	A-4	P2	Y	40	439	3193	5062	262
8	12	57	10	A-1	P2	Y	39	427	3097	5158	358
8	15	57	9	C-4	P2	Y	38	415	3001	5254	454
8	18	57	9	C-1	P2	Y	37	403	2905	5350	550
8	6	58	10	C-1	P2	Y	41	451	3290	4965	165
8	9	58	10	A-4	P2	Y	40	439	3194	5061	261
8	12	58	10	A-1	P2	Y	39	427	3098	5157	357
8	15	58	9	C-4	P2	Y	38	415	3002	5253	453
8	18	58	9	C-1	P2	Y	37	403	2906	5349	549
8	6	59	10	C-1	P2	Y	41	451	3291	4964	164
8	9	59	10	A-4	P2	Y	40	439	3195	5060	260
8	12	59	10	A-1	P2	Y	39	427	3099	5156	356
8	15	59	9	C-4	P2	Y	38	415	3003	5252	452
8	18	59	9	C-1	P2	Y	37	403	2907	5348	548
8	6	60	10	C-1	P2	Y	41	451	3292	4963	163
8	9	60	10	A-4	P2	Y	40	439	3196	5059	259
8	12	60	10	A-1	P2	Y	39	427	3100	5155	355
8	15	60	9	C-4	P2	Y	38	415	3004	5251	451
8	18	60	9	C-1	P2	Y	37	403	2908	5347	547
8	6	61	10	C-1	P2	Y	41	451	3293	4962	162
8	9	61	10	A-4	P2	Y	40	439	3197	5058	258
8	12	61	10	A-1	P2	Y	39	427	3101	5154	354
8	15	61	9	C-4	P2	Y	38	415	3005	5250	450
8	18	61	9	C-1	P2	Y	37	403	2909	5346	546
8	6	62	10	C-1	P2	Y	41	451	3294	4961	161
8	9	62	10	A-4	P2	Y	40	439	3198	5057	257
8	12	62	10	A-1	P2	Y	39	427	3102	5153	353
8	15	62	9	C-4	P2	Y	38	415	3006	5249	449
8	18	62	9	C-1	P2	Y	37	403	2910	5345	545
8	6	63	10	C-1	P2	Y	41	451	3295	4960	160
8	9	63	10	A-4	P2	Y	40	439	3199	5056	256
8	12	63	10	A-1	P2	Y	39	427	3103	5152	352
8	15	63	9	C-4	P2	Y	38	415	3007	5248	448
8	18	63	9	C-1	P2	Y	37	403	2911	5344	544
8	6	16	10	D-1	P1	U	41	453	2312	87	87
8	9	16	10	B-4	P1	U	40	441	2264	135	135
8	12	16	10	B-1	P1	U	39	429	2216	183	183
8	15	16	9	D-4	P1	U	38	417	2168	231	231
8	18	16	9	D-1	P1	U	37	405	2120	279	279
8	6	17	10	D-1	P1	V	41	453	1640	3159	759
8	9	17	10	B-4	P1	V	40	441	1592	3207	807
8	12	17	10	B-1	P1	V	39	429	1544	3255	855
8	15	17	9	D-4	P1	V	38	417	1496	3303	903
8	18	17	9	D-1	P1	V	37	405	1448	3351	951
8	6	18	10	D-1	P1	U	41	453	2313	86	86
8	9	18	10	B-4	P1	U	40	441	2265	134	134
8	12	18	10	B-1	P1	U	39	429	2217	182	182
8	15	18	9	D-4	P1	U	38	417	2169	230	230
8	18	18	9	D-1	P1	U	37	405	2121	278	278
8	6	19	10	D-1	P1	V	41	453	1641	3158	758
8	9	19	10	B-4	P1	V	40	441	1593	3206	806
8	12	19	10	B-1	P1	V	39	429	1545	3254	854
8	15	19	9	D-4	P1	V	38	417	1497	3302	902
8	18	19	9	D-1	P1	V	37	405	1449	3350	950
8	6	20	10	D-1	P1	U	41	453	2314	85	85
8	9	20	10	B-4	P1	U	40	441	2266	133	133
8	12	20	10	B-1	P1	U	39	429	2218	181	181
8	15	20	9	D-4	P1	U	38	417	2170	229	229
8	18	20	9	D-1	P1	U	37	405	2122	277	277
8	6	21	10	D-1	P1	V	41	453	1642	3157	757
8	9	21	10	B-4	P1	V	40	441	1594	3205	805
8	12	21	10	B-1	P1	V	39	429	1546	3253	853
8	15	21	9	D-4	P1	V	38	417	1498	3301	901
8	18	21	9	D-1	P1	V	37	405	1450	3349	949
8	6	22	10	D-1	P1	U	41	453	2315	84	84
8	9	22	10	B-4	P1	U	40	441	2267	132	132
8	12	22	10	B-1	P1	U	39	429	2219	180	180
8	15	22	9	D-4	P1	U	38	417	2171	228	228
8	18	22	9	D-1	P1	U	37	405	2123	276	276
8	6	23	10	D-1	P1	V	41	453	1643	3156	756
8	9	23	10	B-4	P1	V	40	441	1595	3204	804
8	12	23	10	B-1	P1	V	39	429	1547	3252	852
8	15	23	9	D-4	P1	V	38	417	1499	3300	900
8	18	23	9	D-1	P1	V	37	405	1451	3348	948
8	6	24	10	D-1	P1	U	41	453	2316	83	83
8	9	24	10	B-4	P1	U	40	441	2268	131	131
8	12	24	10	B-1	P1	U	39	429	2220	179	179
8	15	24	9	D-4	P1	U	38	417	2172	227	227
8	18	24	9	D-1	P1	U	37	405	2124	275	275
8	6	25	10	D-1	P1	V	41	453	1644	3155	755
8	9	25	10	B-4	P1	V	40	441	1596	3203	803
8	12	25	10	B-1	P1	V	39	429	1548	3251	851
8	15	25	9	D-4	P1	V	38	417	1500	3299	899
8	18	25	9	D-1	P1	V	37	405	1452	3347	947
8	6	26	10	D-1	P1	U	41	453	2317	82	82
8	9	26	10	B-4	P1	U	40	441	2269	130	130
8	12	26	10	B-1	P1	U	39	429	2221	178	178
8	15	26	9	D-4	P1	U	38	417	2173	226	226
8	18	26	9	D-1	P1	U	37	405	2125	274	274
8	6	27	10	D-1	P1	V	41	453	1645	3154	754
8	9	27	10	B-4	P1	V	40	441	1597	3202	802
8	12	27	10	B-1	P1	V	39	429	1549	3250	850
8	15	27	9	D-4	P1	V	38	417	1501	3298	898
8	18	27	9	D-1	P1	V	37	405	1453	3346	946
8	6	28	10	D-1	P1	U	41	453	2318	81	81
8	9	28	10	B-4	P1	U	40	441	2270	129	129
8	12	28	10	B-1	P1	U	39	429	2222	177	177
8	15	28	9	D-4	P1	U	38	417	2174	225	225
8	18	28	9	D-1	P1	U	37	405	2126	273	273
8	6	29	10	D-1	P1	V	41	453	1646	3153	753
8	9	29	10	B-4	P1	V	40	441	1598	3201	801
8	12	29	10	B-1	P1	V	39	429	1550	3249	849
8	15	29	9	D-4	P1	V	38	417	1502	3297	897
8	18	29	9	D-1	P1	V	37	405	1454	3345	945
8	6	30	10	D-1	P1	U	41	453	2319	80	80
8	9	30	10	B-4	P1	U	40	441	2271	128	128
8	12	30	10	B-1	P1	U	39	429	2223	176	176
8	15	30	9	D-4	P1	U	38	417	2175	224	224
8	18	30	9	D-1	P1	U	37	405	2127	272	272
8	6	31	10	D-1	P1	V	41	453	1647	3152	752
8	9	31	10	B-4	P1	V	40	441	1599	3200	800
8	12	31	10	B-1	P1	V	39	429	1551	3248	848
8	15	31	9	D-4	P1	V	38	417	1503	3296	896
8	18	31	9	D-1	P1	V	37	405	1455	3344	944
8	6	0	10	D-1	P1	U	41	452	2304	95	95
8	9	0	10	B-4	P1	U	40	440	2256	143	143
8	12	0	10	B-1	P1	U	39	428	2208	191	191
8	15	0	9	D-4	P1	U	38	416	2160	239	239
8	18	0	9	D-1	P1	U	37	404	2112	287	287
8	6	1	10	D-1	P1	V	41	452	1632	3167	767
8	9	1	10	B-4	P1	V	40	440	1584	3215	815
8	12	1	10	B-1	P1	V	39	428	1536	3263	863
8	15	1	9	D-4	P1	V	38	416	1488	3311	911
8	18	1	9	D-1	P1	V	37	404	1440	3359	959
8	6	2	10	D-1	P1	U	41	452	2305	94	94
8	9	2	10	B-4	P1	U	40	440	2257	142	142
8	12	2	10	B-1	P1	U	39	428	2209	190	190
8	15	2	9	D-4	P1	U	38	416	2161	238	238
8	18	2	9	D-1	P1	U	37	404	2113	286	286
8	6	3	10	D-1	P1	V	41	452	1633	3166	766
8	9	3	10	B-4	P1	V	40	440	1585	3214	814
8	12	3	10	B-1	P1	V	39	428	1537	3262	862
8	15	3	9	D-4	P1	V	38	416	1489	3310	910
8	18	3	9	D-1	P1	V	37	404	1441	3358	958
8	6	4	10	D-1	P1	U	41	452	2306	93	93
8	9	4	10	B-4	P1	U	40	440	2258	141	141
8	12	4	10	B-1	P1	U	39	428	2210	189	189
8	15	4	9	D-4	P1	U	38	416	2162	237	237
8	18	4	9	D-1	P1	U	37	404	2114	285	285
8	6	5	10	D-1	P1	V	41	452	1634	3165	765
8	9	5	10	B-4	P1	V	40	440	1586	3213	813
8	12	5	10	B-1	P1	V	39	428	1538	3261	861
8	15	5	9	D-4	P1	V	38	416	1490	3309	909
8	18	5	9	D-1	P1	V	37	404	1442	3357	957
8	6	6	10	D-1	P1	U	41	452	2307	92	92
8	9	6	10	B-4	P1	U	40	440	2259	140	140
8	12	6	10	B-1	P1	U	39	428	2211	188	188
8	15	6	9	D-4	P1	U	38	416	2163	236	236
8	18	6	9	D-1	P1	U	37	404	2115	284	284
8	6	7	10	D-1	P1	V	41	452	1635	3164	764
8	9	7	10	B-4	P1	V	40	440	1587	3212	812
8	12	7	10	B-1	P1	V	39	428	1539	3260	860
8	15	7	9	D-4	P1	V	38	416	1491	3308	908
8	18	7	9	D-1	P1	V	37	404	1443	3356	956
8	6	8	10	D-1	P1	U	41	452	2308	91	91
8	9	8	10	B-4	P1	U	40	440	2260	139	139
8	12	8	10	B-1	P1	U	39	428	2212	187	187
8	15	8	9	D-4	P1	U	38	416	2164	235	235
8	18	8	9	D-1	P1	U	37	404	2116	283	283
8	6	9	10	D-1	P1	V	41	452	1636	3163	763
8	9	9	10	B-4	P1	V	40	440	1588	3211	811
8	12	9	10	B-1	P1	V	39	428	1540	3259	859
8	15	9	9	D-4	P1	V	38	416	1492	3307	907
8	18	9	9	D-1	P1	V	37	404	1444	3355	955
8	6	10	10	D-1	P1	U	41	452	2309	90	90
8	9	10	10	B-4	P1	U	40	440	2261	138	138
8	12	10	10	B-1	P1	U	39	428	2213	186	186
8	15	10	9	D-4	P1	U	38	416	2165	234	234
8	18	10	9	D-1	P1	U	37	404	2117	282	282
8	6	11	10	D-1	P1	V	41	452	1637	3162	762
8	9	11	10	B-4	P1	V	40	440	1589	3210	810
8	12	11	10	B-1	P1	V	39	428	1541	3258	858
8	15	11	9	D-4	P1	V	38	416	1493	3306	906
8	18	11	9	D-1	P1	V	37	404	1445	3354	954
8	6	12	10	D-1	P1	U	41	452	2310	89	89
8	9	12	10	B-4	P1	U	40	440	2262	137	137
8	12	12	10	B-1	P1	U	39	428	2214	185	185
8	15	12	9	D-4	P1	U	38	416	2166	233	233
8	18	12	9	D-1	P1	U	37	404	2118	281	281
8	6	13	10	D-1	P1	V	41	452	1638	3161	761
8	9	13	10	B-4	P1	V	40	440	1590	3209	809
8	12	13	10	B-1	P1	V	39	428	1542	3257	857
8	15	13	9	D-4	P1	V	38	416	1494	3305	905
8	18	13	9	D-1	P1	V	37	404	1446	3353	953
8	6	14	10	D-1	P1	U	41	452	2311	88	88
8	9	14	10	B-4	P1	U	40	440	2263	136	136
8	12	14	10	B-1	P1	U	39	428	2215	184	184
8	15	14	9	D-4	P1	U	38	416	2167	232	232
8	18	14	9	D-1	P1	U	37	404	2119	280	280
8	6	15	10	D-1	P1	V	41	452	1639	3160	760
8	9	15	10	B-4	P1	V	40	440	1591	3208	808
8	12	15	10	B-1	P1	V	39	428	1543	3256	856
8	15	15	9	D-4	P1	V	38	416	1495	3304	904
8	18	15	9	D-1	P1	V	37	404	1447	3352	952
8	5	32	10	C-2	P2	Y	41	454	3296	4959	159
8	8	32	10	A-5	P2	Y	40	442	3200	5055	255
8	11	32	10	A-2	P2	Y	39	430	3104	5151	351
8	14	32	9	C-5	P2	Y	38	418	3008	5247	447
8	17	32	9	C-2	P2	Y	37	406	2912	5343	543
8	5	33	10	C-2	P2	Y	41	454	3297	4958	158
8	8	33	10	A-5	P2	Y	40	442	3201	5054	254
8	11	33	10	A-2	P2	Y	39	430	3105	5150	350
8	14	33	9	C-5	P2	Y	38	418	3009	5246	446
8	17	33	9	C-2	P2	Y	37	406	2913	5342	542
8	5	34	10	C-2	P2	Y	41	454	3298	4957	157
8	8	34	10	A-5	P2	Y	40	442	3202	5053	253
8	11	34	10	A-2	P2	Y	39	430	3106	5149	349
8	14	34	9	C-5	P2	Y	38	418	3010	5245	445
8	17	34	9	C-2	P2	Y	37	406	2914	5341	541
8	5	35	10	C-2	P2	Y	41	454	3299	4956	156
8	8	35	10	A-5	P2	Y	40	442	3203	5052	252
8	11	35	10	A-2	P2	Y	39	430	3107	5148	348
8	14	35	9	C-5	P2	Y	38	418	3011	5244	444
8	17	35	9	C-2	P2	Y	37	406	2915	5340	540
8	5	36	10	C-2	P2	Y	41	454	3300	4955	155
8	8	36	10	A-5	P2	Y	40	442	3204	5051	251
8	11	36	10	A-2	P2	Y	39	430	3108	5147	347
8	14	36	9	C-5	P2	Y	38	418	3012	5243	443
8	17	36	9	C-2	P2	Y	37	406	2916	5339	539
8	5	37	10	C-2	P2	Y	41	454	3301	4954	154
8	8	37	10	A-5	P2	Y	40	442	3205	5050	250
8	11	37	10	A-2	P2	Y	39	430	3109	5146	346
8	14	37	9	C-5	P2	Y	38	418	3013	5242	442
8	17	37	9	C-2	P2	Y	37	406	2917	5338	538
8	5	38	10	C-2	P2	Y	41	454	3302	4953	153
8	8	38	10	A-5	P2	Y	40	442	3206	5049	249
8	11	38	10	A-2	P2	Y	39	430	3110	5145	345
8	14	38	9	C-5	P2	Y	38	418	3014	5241	441
8	17	38	9	C-2	P2	Y	37	406	2918	5337	537
8	5	39	10	C-2	P2	Y	41	454	3303	4952	152
8	8	39	10	A-5	P2	Y	40	442	3207	5048	248
8	11	39	10	A-2	P2	Y	39	430	3111	5144	344
8	14	39	9	C-5	P2	Y	38	418	3015	5240	440
8	17	39	9	C-2	P2	Y	37	406	2919	5336	536
8	5	40	10	C-2	P2	Y	41	454	3304	4951	151
8	8	40	10	A-5	P2	Y	40	442	3208	5047	247
8	11	40	10	A-2	P2	Y	39	430	3112	5143	343
8	14	40	9	C-5	P2	Y	38	418	3016	5239	439
8	17	40	9	C-2	P2	Y	37	406	2920	5335	535
8	5	41	10	C-2	P2	Y	41	454	3305	4950	150
8	8	41	10	A-5	P2	Y	40	442	3209	5046	246
8	11	41	10	A-2	P2	Y	39	430	3113	5142	342
8	14	41	9	C-5	P2	Y	38	418	3017	5238	438
8	17	41	9	C-2	P2	Y	37	406	2921	5334	534
8	5	42	10	C-2	P2	Y	41	454	3306	4949	149
8	8	42	10	A-5	P2	Y	40	442	3210	5045	245
8	11	42	10	A-2	P2	Y	39	430	3114	5141	341
8	14	42	9	C-5	P2	Y	38	418	3018	5237	437
8	17	42	9	C-2	P2	Y	37	406	2922	5333	533
8	5	43	10	C-2	P2	Y	41	454	3307	4948	148
8	8	43	10	A-5	P2	Y	40	442	3211	5044	244
8	11	43	10	A-2	P2	Y	39	430	3115	5140	340
8	14	43	9	C-5	P2	Y	38	418	3019	5236	436
8	17	43	9	C-2	P2	Y	37	406	2923	5332	532
8	5	44	10	C-2	P2	Y	41	454	3308	4947	147
8	8	44	10	A-5	P2	Y	40	442	3212	5043	243
8	11	44	10	A-2	P2	Y	39	430	3116	5139	339
8	14	44	9	C-5	P2	Y	38	418	3020	5235	435
8	17	44	9	C-2	P2	Y	37	406	2924	5331	531
8	5	45	10	C-2	P2	Y	41	454	3309	4946	146
8	8	45	10	A-5	P2	Y	40	442	3213	5042	242
8	11	45	10	A-2	P2	Y	39	430	3117	5138	338
8	14	45	9	C-5	P2	Y	38	418	3021	5234	434
8	17	45	9	C-2	P2	Y	37	406	2925	5330	530
8	5	46	10	C-2	P2	Y	41	454	3310	4945	145
8	8	46	10	A-5	P2	Y	40	442	3214	5041	241
8	11	46	10	A-2	P2	Y	39	430	3118	5137	337
8	14	46	9	C-5	P2	Y	38	418	3022	5233	433
8	17	46	9	C-2	P2	Y	37	406	2926	5329	529
8	5	47	10	C-2	P2	Y	41	454	3311	4944	144
8	8	47	10	A-5	P2	Y	40	442	3215	5040	240
8	11	47	10	A-2	P2	Y	39	430	3119	5136	336
8	14	47	9	C-5	P2	Y	38	418	3023	5232	432
8	17	47	9	C-2	P2	Y	37	406	2927	5328	528
8	5	48	10	C-2	P2	Y	41	455	3312	4943	143
8	8	48	10	A-5	P2	Y	40	443	3216	5039	239
8	11	48	10	A-2	P2	Y	39	431	3120	5135	335
8	14	48	9	C-5	P2	Y	38	419	3024	5231	431
8	17	48	9	C-2	P2	Y	37	407	2928	5327	527
8	5	49	10	C-2	P2	Y	41	455	3313	4942	142
8	8	49	10	A-5	P2	Y	40	443	3217	5038	238
8	11	49	10	A-2	P2	Y	39	431	3121	5134	334
8	14	49	9	C-5	P2	Y	38	419	3025	5230	430
8	17	49	9	C-2	P2	Y	37	407	2929	5326	526
8	5	50	10	C-2	P2	Y	41	455	3314	4941	141
8	8	50	10	A-5	P2	Y	40	443	3218	5037	237
8	11	50	10	A-2	P2	Y	39	431	3122	5133	333
8	14	50	9	C-5	P2	Y	38	419	3026	5229	429
8	17	50	9	C-2	P2	Y	37	407	2930	5325	525
8	5	51	10	C-2	P2	Y	41	455	3315	4940	140
8	8	51	10	A-5	P2	Y	40	443	3219	5036	236
8	11	51	10	A-2	P2	Y	39	431	3123	5132	332
8	14	51	9	C-5	P2	Y	38	419	3027	5228	428
8	17	51	9	C-2	P2	Y	37	407	2931	5324	524
8	5	52	10	C-2	P2	Y	41	455	3316	4939	139
8	8	52	10	A-5	P2	Y	40	443	3220	5035	235
8	11	52	10	A-2	P2	Y	39	431	3124	5131	331
8	14	52	9	C-5	P2	Y	38	419	3028	5227	427
8	17	52	9	C-2	P2	Y	37	407	2932	5323	523
8	5	53	10	C-2	P2	Y	41	455	3317	4938	138
8	8	53	10	A-5	P2	Y	40	443	3221	5034	234
8	11	53	10	A-2	P2	Y	39	431	3125	5130	330
8	14	53	9	C-5	P2	Y	38	419	3029	5226	426
8	17	53	9	C-2	P2	Y	37	407	2933	5322	522
8	5	54	10	C-2	P2	Y	41	455	3318	4937	137
8	8	54	10	A-5	P2	Y	40	443	3222	5033	233
8	11	54	10	A-2	P2	Y	39	431	3126	5129	329
8	14	54	9	C-5	P2	Y	38	419	3030	5225	425
8	17	54	9	C-2	P2	Y	37	407	2934	5321	521
8	5	55	10	C-2	P2	Y	41	455	3319	4936	136
8	8	55	10	A-5	P2	Y	40	443	3223	5032	232
8	11	55	10	A-2	P2	Y	39	431	3127	5128	328
8	14	55	9	C-5	P2	Y	38	419	3031	5224	424
8	17	55	9	C-2	P2	Y	37	407	2935	5320	520
8	5	56	10	C-2	P2	Y	41	455	3320	4935	135
8	8	56	10	A-5	P2	Y	40	443	3224	5031	231
8	11	56	10	A-2	P2	Y	39	431	3128	5127	327
8	14	56	9	C-5	P2	Y	38	419	3032	5223	423
8	17	56	9	C-2	P2	Y	37	407	2936	5319	519
8	5	57	10	C-2	P2	Y	41	455	3321	4934	134
8	8	57	10	A-5	P2	Y	40	443	3225	5030	230
8	11	57	10	A-2	P2	Y	39	431	3129	5126	326
8	14	57	9	C-5	P2	Y	38	419	3033	5222	422
8	17	57	9	C-2	P2	Y	37	407	2937	5318	518
8	5	58	10	C-2	P2	Y	41	455	3322	4933	133
8	8	58	10	A-5	P2	Y	40	443	3226	5029	229
8	11	58	10	A-2	P2	Y	39	431	3130	5125	325
8	14	58	9	C-5	P2	Y	38	419	3034	5221	421
8	17	58	9	C-2	P2	Y	37	407	2938	5317	517
8	5	59	10	C-2	P2	Y	41	455	3323	4932	132
8	8	59	10	A-5	P2	Y	40	443	3227	5028	228
8	11	59	10	A-2	P2	Y	39	431	3131	5124	324
8	14	59	9	C-5	P2	Y	38	419	3035	5220	420
8	17	59	9	C-2	P2	Y	37	407	2939	5316	516
8	5	60	10	C-2	P2	Y	41	455	3324	4931	131
8	8	60	10	A-5	P2	Y	40	443	3228	5027	227
8	11	60	10	A-2	P2	Y	39	431	3132	5123	323
8	14	60	9	C-5	P2	Y	38	419	3036	5219	419
8	17	60	9	C-2	P2	Y	37	407	2940	5315	515
8	5	61	10	C-2	P2	Y	41	455	3325	4930	130
8	8	61	10	A-5	P2	Y	40	443	3229	5026	226
8	11	61	10	A-2	P2	Y	39	431	3133	5122	322
8	14	61	9	C-5	P2	Y	38	419	3037	5218	418
8	17	61	9	C-2	P2	Y	37	407	2941	5314	514
8	5	62	10	C-2	P2	Y	41	455	3326	4929	129
8	8	62	10	A-5	P2	Y	40	443	3230	5025	225
8	11	62	10	A-2	P2	Y	39	431	3134	5121	321
8	14	62	9	C-5	P2	Y	38	419	3038	5217	417
8	17	62	9	C-2	P2	Y	37	407	2942	5313	513
8	5	63	10	C-2	P2	Y	41	455	3327	4928	128
8	8	63	10	A-5	P2	Y	40	443	3231	5024	224
8	11	63	10	A-2	P2	Y	39	431	3135	5120	320
8	14	63	9	C-5	P2	Y	38	419	3039	5216	416
8	17	63	9	C-2	P2	Y	37	407	2943	5312	512
8	5	16	10	D-2	P1	U	41	457	2328	71	71
8	8	16	10	B-5	P1	U	40	445	2280	119	119
8	11	16	10	B-2	P1	U	39	433	2232	167	167
8	14	16	9	D-5	P1	U	38	421	2184	215	215
8	17	16	9	D-2	P1	U	37	409	2136	263	263
8	5	17	10	D-2	P1	V	41	457	1656	3143	743
8	8	17	10	B-5	P1	V	40	445	1608	3191	791
8	11	17	10	B-2	P1	V	39	433	1560	3239	839
8	14	17	9	D-5	P1	V	38	421	1512	3287	887
8	17	17	9	D-2	P1	V	37	409	1464	3335	935
8	5	18	10	D-2	P1	U	41	457	2329	70	70
8	8	18	10	B-5	P1	U	40	445	2281	118	118
8	11	18	10	B-2	P1	U	39	433	2233	166	166
8	14	18	9	D-5	P1	U	38	421	2185	214	214
8	17	18	9	D-2	P1	U	37	409	2137	262	262
8	5	19	10	D-2	P1	V	41	457	1657	3142	742
8	8	19	10	B-5	P1	V	40	445	1609	3190	790
8	11	19	10	B-2	P1	V	39	433	1561	3238	838
8	14	19	9	D-5	P1	V	38	421	1513	3286	886
8	17	19	9	D-2	P1	V	37	409	1465	3334	934
8	5	20	10	D-2	P1	U	41	457	2330	69	69
8	8	20	10	B-5	P1	U	40	445	2282	117	117
8	11	20	10	B-2	P1	U	39	433	2234	165	165
8	14	20	9	D-5	P1	U	38	421	2186	213	213
8	17	20	9	D-2	P1	U	37	409	2138	261	261
8	5	21	10	D-2	P1	V	41	457	1658	3141	741
8	8	21	10	B-5	P1	V	40	445	1610	3189	789
8	11	21	10	B-2	P1	V	39	433	1562	3237	837
8	14	21	9	D-5	P1	V	38	421	1514	3285	885
8	17	21	9	D-2	P1	V	37	409	1466	3333	933
8	5	22	10	D-2	P1	U	41	457	2331	68	68
8	8	22	10	B-5	P1	U	40	445	2283	116	116
8	11	22	10	B-2	P1	U	39	433	2235	164	164
8	14	22	9	D-5	P1	U	38	421	2187	212	212
8	17	22	9	D-2	P1	U	37	409	2139	260	260
8	5	23	10	D-2	P1	V	41	457	1659	3140	740
8	8	23	10	B-5	P1	V	40	445	1611	3188	788
8	11	23	10	B-2	P1	V	39	433	1563	3236	836
8	14	23	9	D-5	P1	V	38	421	1515	3284	884
8	17	23	9	D-2	P1	V	37	409	1467	3332	932
8	5	24	10	D-2	P1	U	41	457	2332	67	67
8	8	24	10	B-5	P1	U	40	445	2284	115	115
8	11	24	10	B-2	P1	U	39	433	2236	163	163
8	14	24	9	D-5	P1	U	38	421	2188	211	211
8	17	24	9	D-2	P1	U	37	409	2140	259	259
8	5	25	10	D-2	P1	V	41	457	1660	3139	739
8	8	25	10	B-5	P1	V	40	445	1612	3187	787
8	11	25	10	B-2	P1	V	39	433	1564	3235	835
8	14	25	9	D-5	P1	V	38	421	1516	3283	883
8	17	25	9	D-2	P1	V	37	409	1468	3331	931
8	5	26	10	D-2	P1	U	41	457	2333	66	66
8	8	26	10	B-5	P1	U	40	445	2285	114	114
8	11	26	10	B-2	P1	U	39	433	2237	162	162
8	14	26	9	D-5	P1	U	38	421	2189	210	210
8	17	26	9	D-2	P1	U	37	409	2141	258	258
8	5	27	10	D-2	P1	V	41	457	1661	3138	738
8	8	27	10	B-5	P1	V	40	445	1613	3186	786
8	11	27	10	B-2	P1	V	39	433	1565	3234	834
8	14	27	9	D-5	P1	V	38	421	1517	3282	882
8	17	27	9	D-2	P1	V	37	409	1469	3330	930
8	5	28	10	D-2	P1	U	41	457	2334	65	65
8	8	28	10	B-5	P1	U	40	445	2286	113	113
8	11	28	10	B-2	P1	U	39	433	2238	161	161
8	14	28	9	D-5	P1	U	38	421	2190	209	209
8	17	28	9	D-2	P1	U	37	409	2142	257	257
8	5	29	10	D-2	P1	V	41	457	1662	3137	737
8	8	29	10	B-5	P1	V	40	445	1614	3185	785
8	11	29	10	B-2	P1	V	39	433	1566	3233	833
8	14	29	9	D-5	P1	V	38	421	1518	3281	881
8	17	29	9	D-2	P1	V	37	409	1470	3329	929
8	5	30	10	D-2	P1	U	41	457	2335	64	64
8	8	30	10	B-5	P1	U	40	445	2287	112	112
8	11	30	10	B-2	P1	U	39	433	2239	160	160
8	14	30	9	D-5	P1	U	38	421	2191	208	208
8	17	30	9	D-2	P1	U	37	409	2143	256	256
8	5	31	10	D-2	P1	V	41	457	1663	3136	736
8	8	31	10	B-5	P1	V	40	445	1615	3184	784
8	11	31	10	B-2	P1	V	39	433	1567	3232	832
8	14	31	9	D-5	P1	V	38	421	1519	3280	880
8	17	31	9	D-2	P1	V	37	409	1471	3328	928
8	5	0	10	D-2	P1	U	41	456	2320	79	79
8	8	0	10	B-5	P1	U	40	444	2272	127	127
8	11	0	10	B-2	P1	U	39	432	2224	175	175
8	14	0	9	D-5	P1	U	38	420	2176	223	223
8	17	0	9	D-2	P1	U	37	408	2128	271	271
8	5	1	10	D-2	P1	V	41	456	1648	3151	751
8	8	1	10	B-5	P1	V	40	444	1600	3199	799
8	11	1	10	B-2	P1	V	39	432	1552	3247	847
8	14	1	9	D-5	P1	V	38	420	1504	3295	895
8	17	1	9	D-2	P1	V	37	408	1456	3343	943
8	5	2	10	D-2	P1	U	41	456	2321	78	78
8	8	2	10	B-5	P1	U	40	444	2273	126	126
8	11	2	10	B-2	P1	U	39	432	2225	174	174
8	14	2	9	D-5	P1	U	38	420	2177	222	222
8	17	2	9	D-2	P1	U	37	408	2129	270	270
8	5	3	10	D-2	P1	V	41	456	1649	3150	750
8	8	3	10	B-5	P1	V	40	444	1601	3198	798
8	11	3	10	B-2	P1	V	39	432	1553	3246	846
8	14	3	9	D-5	P1	V	38	420	1505	3294	894
8	17	3	9	D-2	P1	V	37	408	1457	3342	942
8	5	4	10	D-2	P1	U	41	456	2322	77	77
8	8	4	10	B-5	P1	U	40	444	2274	125	125
8	11	4	10	B-2	P1	U	39	432	2226	173	173
8	14	4	9	D-5	P1	U	38	420	2178	221	221
8	17	4	9	D-2	P1	U	37	408	2130	269	269
8	5	5	10	D-2	P1	V	41	456	1650	3149	749
8	8	5	10	B-5	P1	V	40	444	1602	3197	797
8	11	5	10	B-2	P1	V	39	432	1554	3245	845
8	14	5	9	D-5	P1	V	38	420	1506	3293	893
8	17	5	9	D-2	P1	V	37	408	1458	3341	941
8	5	6	10	D-2	P1	U	41	456	2323	76	76
8	8	6	10	B-5	P1	U	40	444	2275	124	124
8	11	6	10	B-2	P1	U	39	432	2227	172	172
8	14	6	9	D-5	P1	U	38	420	2179	220	220
8	17	6	9	D-2	P1	U	37	408	2131	268	268
8	5	7	10	D-2	P1	V	41	456	1651	3148	748
8	8	7	10	B-5	P1	V	40	444	1603	3196	796
8	11	7	10	B-2	P1	V	39	432	1555	3244	844
8	14	7	9	D-5	P1	V	38	420	1507	3292	892
8	17	7	9	D-2	P1	V	37	408	1459	3340	940
8	5	8	10	D-2	P1	U	41	456	2324	75	75
8	8	8	10	B-5	P1	U	40	444	2276	123	123
8	11	8	10	B-2	P1	U	39	432	2228	171	171
8	14	8	9	D-5	P1	U	38	420	2180	219	219
8	17	8	9	D-2	P1	U	37	408	2132	267	267
8	5	9	10	D-2	P1	V	41	456	1652	3147	747
8	8	9	10	B-5	P1	V	40	444	1604	3195	795
8	11	9	10	B-2	P1	V	39	432	1556	3243	843
8	14	9	9	D-5	P1	V	38	420	1508	3291	891
8	17	9	9	D-2	P1	V	37	408	1460	3339	939
8	5	10	10	D-2	P1	U	41	456	2325	74	74
8	8	10	10	B-5	P1	U	40	444	2277	122	122
8	11	10	10	B-2	P1	U	39	432	2229	170	170
8	14	10	9	D-5	P1	U	38	420	2181	218	218
8	17	10	9	D-2	P1	U	37	408	2133	266	266
8	5	11	10	D-2	P1	V	41	456	1653	3146	746
8	8	11	10	B-5	P1	V	40	444	1605	3194	794
8	11	11	10	B-2	P1	V	39	432	1557	3242	842
8	14	11	9	D-5	P1	V	38	420	1509	3290	890
8	17	11	9	D-2	P1	V	37	408	1461	3338	938
8	5	12	10	D-2	P1	U	41	456	2326	73	73
8	8	12	10	B-5	P1	U	40	444	2278	121	121
8	11	12	10	B-2	P1	U	39	432	2230	169	169
8	14	12	9	D-5	P1	U	38	420	2182	217	217
8	17	12	9	D-2	P1	U	37	408	2134	265	265
8	5	13	10	D-2	P1	V	41	456	1654	3145	745
8	8	13	10	B-5	P1	V	40	444	1606	3193	793
8	11	13	10	B-2	P1	V	39	432	1558	3241	841
8	14	13	9	D-5	P1	V	38	420	1510	3289	889
8	17	13	9	D-2	P1	V	37	408	1462	3337	937
8	5	14	10	D-2	P1	U	41	456	2327	72	72
8	8	14	10	B-5	P1	U	40	444	2279	120	120
8	11	14	10	B-2	P1	U	39	432	2231	168	168
8	14	14	9	D-5	P1	U	38	420	2183	216	216
8	17	14	9	D-2	P1	U	37	408	2135	264	264
8	5	15	10	D-2	P1	V	41	456	1655	3144	744
8	8	15	10	B-5	P1	V	40	444	1607	3192	792
8	11	15	10	B-2	P1	V	39	432	1559	3240	840
8	14	15	9	D-5	P1	V	38	420	1511	3288	888
8	17	15	9	D-2	P1	V	37	408	1463	3336	936
8	4	32	10	C-3	P2	Y	41	458	3328	4927	127
8	7	32	10	A-6	P2	Y	40	446	3232	5023	223
8	10	32	10	A-3	P2	Y	39	434	3136	5119	319
8	13	32	9	C-6	P2	Y	38	422	3040	5215	415
8	16	32	9	C-3	P2	Y	37	410	2944	5311	511
8	4	33	10	C-3	P2	Y	41	458	3329	4926	126
8	7	33	10	A-6	P2	Y	40	446	3233	5022	222
8	10	33	10	A-3	P2	Y	39	434	3137	5118	318
8	13	33	9	C-6	P2	Y	38	422	3041	5214	414
8	16	33	9	C-3	P2	Y	37	410	2945	5310	510
8	4	34	10	C-3	P2	Y	41	458	3330	4925	125
8	7	34	10	A-6	P2	Y	40	446	3234	5021	221
8	10	34	10	A-3	P2	Y	39	434	3138	5117	317
8	13	34	9	C-6	P2	Y	38	422	3042	5213	413
8	16	34	9	C-3	P2	Y	37	410	2946	5309	509
8	4	35	10	C-3	P2	Y	41	458	3331	4924	124
8	7	35	10	A-6	P2	Y	40	446	3235	5020	220
8	10	35	10	A-3	P2	Y	39	434	3139	5116	316
8	13	35	9	C-6	P2	Y	38	422	3043	5212	412
8	16	35	9	C-3	P2	Y	37	410	2947	5308	508
8	4	36	10	C-3	P2	Y	41	458	3332	4923	123
8	7	36	10	A-6	P2	Y	40	446	3236	5019	219
8	10	36	10	A-3	P2	Y	39	434	3140	5115	315
8	13	36	9	C-6	P2	Y	38	422	3044	5211	411
8	16	36	9	C-3	P2	Y	37	410	2948	5307	507
8	4	37	10	C-3	P2	Y	41	458	3333	4922	122
8	7	37	10	A-6	P2	Y	40	446	3237	5018	218
8	10	37	10	A-3	P2	Y	39	434	3141	5114	314
8	13	37	9	C-6	P2	Y	38	422	3045	5210	410
8	16	37	9	C-3	P2	Y	37	410	2949	5306	506
8	4	38	10	C-3	P2	Y	41	458	3334	4921	121
8	7	38	10	A-6	P2	Y	40	446	3238	5017	217
8	10	38	10	A-3	P2	Y	39	434	3142	5113	313
8	13	38	9	C-6	P2	Y	38	422	3046	5209	409
8	16	38	9	C-3	P2	Y	37	410	2950	5305	505
8	4	39	10	C-3	P2	Y	41	458	3335	4920	120
8	7	39	10	A-6	P2	Y	40	446	3239	5016	216
8	10	39	10	A-3	P2	Y	39	434	3143	5112	312
8	13	39	9	C-6	P2	Y	38	422	3047	5208	408
8	16	39	9	C-3	P2	Y	37	410	2951	5304	504
8	4	40	10	C-3	P2	Y	41	458	3336	4919	119
8	7	40	10	A-6	P2	Y	40	446	3240	5015	215
8	10	40	10	A-3	P2	Y	39	434	3144	5111	311
8	13	40	9	C-6	P2	Y	38	422	3048	5207	407
8	16	40	9	C-3	P2	Y	37	410	2952	5303	503
8	4	41	10	C-3	P2	Y	41	458	3337	4918	118
8	7	41	10	A-6	P2	Y	40	446	3241	5014	214
8	10	41	10	A-3	P2	Y	39	434	3145	5110	310
8	13	41	9	C-6	P2	Y	38	422	3049	5206	406
8	16	41	9	C-3	P2	Y	37	410	2953	5302	502
8	4	42	10	C-3	P2	Y	41	458	3338	4917	117
8	7	42	10	A-6	P2	Y	40	446	3242	5013	213
8	10	42	10	A-3	P2	Y	39	434	3146	5109	309
8	13	42	9	C-6	P2	Y	38	422	3050	5205	405
8	16	42	9	C-3	P2	Y	37	410	2954	5301	501
8	4	43	10	C-3	P2	Y	41	458	3339	4916	116
8	7	43	10	A-6	P2	Y	40	446	3243	5012	212
8	10	43	10	A-3	P2	Y	39	434	3147	5108	308
8	13	43	9	C-6	P2	Y	38	422	3051	5204	404
8	16	43	9	C-3	P2	Y	37	410	2955	5300	500
8	4	44	10	C-3	P2	Y	41	458	3340	4915	115
8	7	44	10	A-6	P2	Y	40	446	3244	5011	211
8	10	44	10	A-3	P2	Y	39	434	3148	5107	307
8	13	44	9	C-6	P2	Y	38	422	3052	5203	403
8	16	44	9	C-3	P2	Y	37	410	2956	5299	499
8	4	45	10	C-3	P2	Y	41	458	3341	4914	114
8	7	45	10	A-6	P2	Y	40	446	3245	5010	210
8	10	45	10	A-3	P2	Y	39	434	3149	5106	306
8	13	45	9	C-6	P2	Y	38	422	3053	5202	402
8	16	45	9	C-3	P2	Y	37	410	2957	5298	498
8	4	46	10	C-3	P2	Y	41	458	3342	4913	113
8	7	46	10	A-6	P2	Y	40	446	3246	5009	209
8	10	46	10	A-3	P2	Y	39	434	3150	5105	305
8	13	46	9	C-6	P2	Y	38	422	3054	5201	401
8	16	46	9	C-3	P2	Y	37	410	2958	5297	497
8	4	47	10	C-3	P2	Y	41	458	3343	4912	112
8	7	47	10	A-6	P2	Y	40	446	3247	5008	208
8	10	47	10	A-3	P2	Y	39	434	3151	5104	304
8	13	47	9	C-6	P2	Y	38	422	3055	5200	400
8	16	47	9	C-3	P2	Y	37	410	2959	5296	496
8	4	48	10	C-3	P2	Y	41	459	3344	4911	111
8	7	48	10	A-6	P2	Y	40	447	3248	5007	207
8	10	48	10	A-3	P2	Y	39	435	3152	5103	303
8	13	48	9	C-6	P2	Y	38	423	3056	5199	399
8	16	48	9	C-3	P2	Y	37	411	2960	5295	495
8	4	49	10	C-3	P2	Y	41	459	3345	4910	110
8	7	49	10	A-6	P2	Y	40	447	3249	5006	206
8	10	49	10	A-3	P2	Y	39	435	3153	5102	302
8	13	49	9	C-6	P2	Y	38	423	3057	5198	398
8	16	49	9	C-3	P2	Y	37	411	2961	5294	494
8	4	50	10	C-3	P2	Y	41	459	3346	4909	109
8	7	50	10	A-6	P2	Y	40	447	3250	5005	205
8	10	50	10	A-3	P2	Y	39	435	3154	5101	301
8	13	50	9	C-6	P2	Y	38	423	3058	5197	397
8	16	50	9	C-3	P2	Y	37	411	2962	5293	493
8	4	51	10	C-3	P2	Y	41	459	3347	4908	108
8	7	51	10	A-6	P2	Y	40	447	3251	5004	204
8	10	51	10	A-3	P2	Y	39	435	3155	5100	300
8	13	51	9	C-6	P2	Y	38	423	3059	5196	396
8	16	51	9	C-3	P2	Y	37	411	2963	5292	492
8	4	52	10	C-3	P2	Y	41	459	3348	4907	107
8	7	52	10	A-6	P2	Y	40	447	3252	5003	203
8	10	52	10	A-3	P2	Y	39	435	3156	5099	299
8	13	52	9	C-6	P2	Y	38	423	3060	5195	395
8	16	52	9	C-3	P2	Y	37	411	2964	5291	491
8	4	53	10	C-3	P2	Y	41	459	3349	4906	106
8	7	53	10	A-6	P2	Y	40	447	3253	5002	202
8	10	53	10	A-3	P2	Y	39	435	3157	5098	298
8	13	53	9	C-6	P2	Y	38	423	3061	5194	394
8	16	53	9	C-3	P2	Y	37	411	2965	5290	490
8	4	54	10	C-3	P2	Y	41	459	3350	4905	105
8	7	54	10	A-6	P2	Y	40	447	3254	5001	201
8	10	54	10	A-3	P2	Y	39	435	3158	5097	297
8	13	54	9	C-6	P2	Y	38	423	3062	5193	393
8	16	54	9	C-3	P2	Y	37	411	2966	5289	489
8	4	55	10	C-3	P2	Y	41	459	3351	4904	104
8	7	55	10	A-6	P2	Y	40	447	3255	5000	200
8	10	55	10	A-3	P2	Y	39	435	3159	5096	296
8	13	55	9	C-6	P2	Y	38	423	3063	5192	392
8	16	55	9	C-3	P2	Y	37	411	2967	5288	488
8	4	56	10	C-3	P2	Y	41	459	3352	4903	103
8	7	56	10	A-6	P2	Y	40	447	3256	4999	199
8	10	56	10	A-3	P2	Y	39	435	3160	5095	295
8	13	56	9	C-6	P2	Y	38	423	3064	5191	391
8	16	56	9	C-3	P2	Y	37	411	2968	5287	487
8	4	57	10	C-3	P2	Y	41	459	3353	4902	102
8	7	57	10	A-6	P2	Y	40	447	3257	4998	198
8	10	57	10	A-3	P2	Y	39	435	3161	5094	294
8	13	57	9	C-6	P2	Y	38	423	3065	5190	390
8	16	57	9	C-3	P2	Y	37	411	2969	5286	486
8	4	58	10	C-3	P2	Y	41	459	3354	4901	101
8	7	58	10	A-6	P2	Y	40	447	3258	4997	197
8	10	58	10	A-3	P2	Y	39	435	3162	5093	293
8	13	58	9	C-6	P2	Y	38	423	3066	5189	389
8	16	58	9	C-3	P2	Y	37	411	2970	5285	485
8	4	59	10	C-3	P2	Y	41	459	3355	4900	100
8	7	59	10	A-6	P2	Y	40	447	3259	4996	196
8	10	59	10	A-3	P2	Y	39	435	3163	5092	292
8	13	59	9	C-6	P2	Y	38	423	3067	5188	388
8	16	59	9	C-3	P2	Y	37	411	2971	5284	484
8	4	60	10	C-3	P2	Y	41	459	3356	4899	99
8	7	60	10	A-6	P2	Y	40	447	3260	4995	195
8	10	60	10	A-3	P2	Y	39	435	3164	5091	291
8	13	60	9	C-6	P2	Y	38	423	3068	5187	387
8	16	60	9	C-3	P2	Y	37	411	2972	5283	483
8	4	61	10	C-3	P2	Y	41	459	3357	4898	98
8	7	61	10	A-6	P2	Y	40	447	3261	4994	194
8	10	61	10	A-3	P2	Y	39	435	3165	5090	290
8	13	61	9	C-6	P2	Y	38	423	3069	5186	386
8	16	61	9	C-3	P2	Y	37	411	2973	5282	482
8	4	62	10	C-3	P2	Y	41	459	3358	4897	97
8	7	62	10	A-6	P2	Y	40	447	3262	4993	193
8	10	62	10	A-3	P2	Y	39	435	3166	5089	289
8	13	62	9	C-6	P2	Y	38	423	3070	5185	385
8	16	62	9	C-3	P2	Y	37	411	2974	5281	481
8	4	63	10	C-3	P2	Y	41	459	3359	4896	96
8	7	63	10	A-6	P2	Y	40	447	3263	4992	192
8	10	63	10	A-3	P2	Y	39	435	3167	5088	288
8	13	63	9	C-6	P2	Y	38	423	3071	5184	384
8	16	63	9	C-3	P2	Y	37	411	2975	5280	480
8	4	16	10	D-3	P1	U	41	461	2344	55	55
8	7	16	10	B-6	P1	U	40	449	2296	103	103
8	10	16	10	B-3	P1	U	39	437	2248	151	151
8	13	16	9	D-6	P1	U	38	425	2200	199	199
8	16	16	9	D-3	P1	U	37	413	2152	247	247
8	4	17	10	D-3	P1	V	41	461	1672	3127	727
8	7	17	10	B-6	P1	V	40	449	1624	3175	775
8	10	17	10	B-3	P1	V	39	437	1576	3223	823
8	13	17	9	D-6	P1	V	38	425	1528	3271	871
8	16	17	9	D-3	P1	V	37	413	1480	3319	919
8	4	18	10	D-3	P1	U	41	461	2345	54	54
8	7	18	10	B-6	P1	U	40	449	2297	102	102
8	10	18	10	B-3	P1	U	39	437	2249	150	150
8	13	18	9	D-6	P1	U	38	425	2201	198	198
8	16	18	9	D-3	P1	U	37	413	2153	246	246
8	4	19	10	D-3	P1	V	41	461	1673	3126	726
8	7	19	10	B-6	P1	V	40	449	1625	3174	774
8	10	19	10	B-3	P1	V	39	437	1577	3222	822
8	13	19	9	D-6	P1	V	38	425	1529	3270	870
8	16	19	9	D-3	P1	V	37	413	1481	3318	918
8	4	20	10	D-3	P1	U	41	461	2346	53	53
8	7	20	10	B-6	P1	U	40	449	2298	101	101
8	10	20	10	B-3	P1	U	39	437	2250	149	149
8	13	20	9	D-6	P1	U	38	425	2202	197	197
8	16	20	9	D-3	P1	U	37	413	2154	245	245
8	4	21	10	D-3	P1	V	41	461	1674	3125	725
8	7	21	10	B-6	P1	V	40	449	1626	3173	773
8	10	21	10	B-3	P1	V	39	437	1578	3221	821
8	13	21	9	D-6	P1	V	38	425	1530	3269	869
8	16	21	9	D-3	P1	V	37	413	1482	3317	917
8	4	22	10	D-3	P1	U	41	461	2347	52	52
8	7	22	10	B-6	P1	U	40	449	2299	100	100
8	10	22	10	B-3	P1	U	39	437	2251	148	148
8	13	22	9	D-6	P1	U	38	425	2203	196	196
8	16	22	9	D-3	P1	U	37	413	2155	244	244
8	4	23	10	D-3	P1	V	41	461	1675	3124	724
8	7	23	10	B-6	P1	V	40	449	1627	3172	772
8	10	23	10	B-3	P1	V	39	437	1579	3220	820
8	13	23	9	D-6	P1	V	38	425	1531	3268	868
8	16	23	9	D-3	P1	V	37	413	1483	3316	916
8	4	24	10	D-3	P1	U	41	461	2348	51	51
8	7	24	10	B-6	P1	U	40	449	2300	99	99
8	10	24	10	B-3	P1	U	39	437	2252	147	147
8	13	24	9	D-6	P1	U	38	425	2204	195	195
8	16	24	9	D-3	P1	U	37	413	2156	243	243
8	4	25	10	D-3	P1	V	41	461	1676	3123	723
8	7	25	10	B-6	P1	V	40	449	1628	3171	771
8	10	25	10	B-3	P1	V	39	437	1580	3219	819
8	13	25	9	D-6	P1	V	38	425	1532	3267	867
8	16	25	9	D-3	P1	V	37	413	1484	3315	915
8	4	26	10	D-3	P1	U	41	461	2349	50	50
8	7	26	10	B-6	P1	U	40	449	2301	98	98
8	10	26	10	B-3	P1	U	39	437	2253	146	146
8	13	26	9	D-6	P1	U	38	425	2205	194	194
8	16	26	9	D-3	P1	U	37	413	2157	242	242
8	4	27	10	D-3	P1	V	41	461	1677	3122	722
8	7	27	10	B-6	P1	V	40	449	1629	3170	770
8	10	27	10	B-3	P1	V	39	437	1581	3218	818
8	13	27	9	D-6	P1	V	38	425	1533	3266	866
8	16	27	9	D-3	P1	V	37	413	1485	3314	914
8	4	28	10	D-3	P1	U	41	461	2350	49	49
8	7	28	10	B-6	P1	U	40	449	2302	97	97
8	10	28	10	B-3	P1	U	39	437	2254	145	145
8	13	28	9	D-6	P1	U	38	425	2206	193	193
8	16	28	9	D-3	P1	U	37	413	2158	241	241
8	4	29	10	D-3	P1	V	41	461	1678	3121	721
8	7	29	10	B-6	P1	V	40	449	1630	3169	769
8	10	29	10	B-3	P1	V	39	437	1582	3217	817
8	13	29	9	D-6	P1	V	38	425	1534	3265	865
8	16	29	9	D-3	P1	V	37	413	1486	3313	913
8	4	30	10	D-3	P1	U	41	461	2351	48	48
8	7	30	10	B-6	P1	U	40	449	2303	96	96
8	10	30	10	B-3	P1	U	39	437	2255	144	144
8	13	30	9	D-6	P1	U	38	425	2207	192	192
8	16	30	9	D-3	P1	U	37	413	2159	240	240
8	4	31	10	D-3	P1	V	41	461	1679	3120	720
8	7	31	10	B-6	P1	V	40	449	1631	3168	768
8	10	31	10	B-3	P1	V	39	437	1583	3216	816
8	13	31	9	D-6	P1	V	38	425	1535	3264	864
8	16	31	9	D-3	P1	V	37	413	1487	3312	912
8	4	0	10	D-3	P1	U	41	460	2336	63	63
8	7	0	10	B-6	P1	U	40	448	2288	111	111
8	10	0	10	B-3	P1	U	39	436	2240	159	159
8	13	0	9	D-6	P1	U	38	424	2192	207	207
8	16	0	9	D-3	P1	U	37	412	2144	255	255
8	4	1	10	D-3	P1	V	41	460	1664	3135	735
8	7	1	10	B-6	P1	V	40	448	1616	3183	783
8	10	1	10	B-3	P1	V	39	436	1568	3231	831
8	13	1	9	D-6	P1	V	38	424	1520	3279	879
8	16	1	9	D-3	P1	V	37	412	1472	3327	927
8	4	2	10	D-3	P1	U	41	460	2337	62	62
8	7	2	10	B-6	P1	U	40	448	2289	110	110
8	10	2	10	B-3	P1	U	39	436	2241	158	158
8	13	2	9	D-6	P1	U	38	424	2193	206	206
8	16	2	9	D-3	P1	U	37	412	2145	254	254
8	4	3	10	D-3	P1	V	41	460	1665	3134	734
8	7	3	10	B-6	P1	V	40	448	1617	3182	782
8	10	3	10	B-3	P1	V	39	436	1569	3230	830
8	13	3	9	D-6	P1	V	38	424	1521	3278	878
8	16	3	9	D-3	P1	V	37	412	1473	3326	926
8	4	4	10	D-3	P1	U	41	460	2338	61	61
8	7	4	10	B-6	P1	U	40	448	2290	109	109
8	10	4	10	B-3	P1	U	39	436	2242	157	157
8	13	4	9	D-6	P1	U	38	424	2194	205	205
8	16	4	9	D-3	P1	U	37	412	2146	253	253
8	4	5	10	D-3	P1	V	41	460	1666	3133	733
8	7	5	10	B-6	P1	V	40	448	1618	3181	781
8	10	5	10	B-3	P1	V	39	436	1570	3229	829
8	13	5	9	D-6	P1	V	38	424	1522	3277	877
8	16	5	9	D-3	P1	V	37	412	1474	3325	925
8	4	6	10	D-3	P1	U	41	460	2339	60	60
8	7	6	10	B-6	P1	U	40	448	2291	108	108
8	10	6	10	B-3	P1	U	39	436	2243	156	156
8	13	6	9	D-6	P1	U	38	424	2195	204	204
8	16	6	9	D-3	P1	U	37	412	2147	252	252
8	4	7	10	D-3	P1	V	41	460	1667	3132	732
8	7	7	10	B-6	P1	V	40	448	1619	3180	780
8	10	7	10	B-3	P1	V	39	436	1571	3228	828
8	13	7	9	D-6	P1	V	38	424	1523	3276	876
8	16	7	9	D-3	P1	V	37	412	1475	3324	924
8	4	8	10	D-3	P1	U	41	460	2340	59	59
8	7	8	10	B-6	P1	U	40	448	2292	107	107
8	10	8	10	B-3	P1	U	39	436	2244	155	155
8	13	8	9	D-6	P1	U	38	424	2196	203	203
8	16	8	9	D-3	P1	U	37	412	2148	251	251
8	4	9	10	D-3	P1	V	41	460	1668	3131	731
8	7	9	10	B-6	P1	V	40	448	1620	3179	779
8	10	9	10	B-3	P1	V	39	436	1572	3227	827
8	13	9	9	D-6	P1	V	38	424	1524	3275	875
8	16	9	9	D-3	P1	V	37	412	1476	3323	923
8	4	10	10	D-3	P1	U	41	460	2341	58	58
8	7	10	10	B-6	P1	U	40	448	2293	106	106
8	10	10	10	B-3	P1	U	39	436	2245	154	154
8	13	10	9	D-6	P1	U	38	424	2197	202	202
8	16	10	9	D-3	P1	U	37	412	2149	250	250
8	4	11	10	D-3	P1	V	41	460	1669	3130	730
8	7	11	10	B-6	P1	V	40	448	1621	3178	778
8	10	11	10	B-3	P1	V	39	436	1573	3226	826
8	13	11	9	D-6	P1	V	38	424	1525	3274	874
8	16	11	9	D-3	P1	V	37	412	1477	3322	922
8	4	12	10	D-3	P1	U	41	460	2342	57	57
8	7	12	10	B-6	P1	U	40	448	2294	105	105
8	10	12	10	B-3	P1	U	39	436	2246	153	153
8	13	12	9	D-6	P1	U	38	424	2198	201	201
8	16	12	9	D-3	P1	U	37	412	2150	249	249
8	4	13	10	D-3	P1	V	41	460	1670	3129	729
8	7	13	10	B-6	P1	V	40	448	1622	3177	777
8	10	13	10	B-3	P1	V	39	436	1574	3225	825
8	13	13	9	D-6	P1	V	38	424	1526	3273	873
8	16	13	9	D-3	P1	V	37	412	1478	3321	921
8	4	14	10	D-3	P1	U	41	460	2343	56	56
8	7	14	10	B-6	P1	U	40	448	2295	104	104
8	10	14	10	B-3	P1	U	39	436	2247	152	152
8	13	14	9	D-6	P1	U	38	424	2199	200	200
8	16	14	9	D-3	P1	U	37	412	2151	248	248
8	4	15	10	D-3	P1	V	41	460	1671	3128	728
8	7	15	10	B-6	P1	V	40	448	1623	3176	776
8	10	15	10	B-3	P1	V	39	436	1575	3224	824
8	13	15	9	D-6	P1	V	38	424	1527	3272	872
8	16	15	9	D-3	P1	V	37	412	1479	3320	920
